	POINTS_REQ	HP_BONUS	ARMOR_BONUS	REALITY_BONUS	BASIC_ATTACK_BONUS	SKILL_POWER	IMPROVED_HEALING	ENERGY_GAIN	ATTACK_SPEED
0	0	1	1	1	1	1	1	1	1
1	0	1	1	1	1	1	1	1	1
2	500	1.005	1	1	1	1	1	1	1
3	3000	1.005	1.005	1	1	1	1	1	1
4	5500	1.005	1.005	1.005	1	1	1	1	1
5	8000	1.005	1.005	1.005	1.005	1	1	1	1
6	10500	1.005	1.005	1.005	1.005	1.005	1	1	1
7	13000	1.01	1.005	1.005	1.005	1.005	1	1	1
8	15500	1.01	1.01	1.005	1.005	1.005	1	1	1
9	18000	1.01	1.01	1.01	1.005	1.005	1	1	1
10	20500	1.01	1.01	1.01	1.01	1.005	1	1	1
11	23000	1.01	1.01	1.01	1.01	1.01	1	1	1
12	25500	1.015	1.01	1.01	1.01	1.01	1	1	1
13	28000	1.015	1.015	1.01	1.01	1.01	1	1	1
14	30500	1.015	1.015	1.015	1.01	1.01	1	1	1
15	33000	1.015	1.015	1.015	1.015	1.01	1	1	1
16	35500	1.015	1.015	1.015	1.015	1.015	1	1	1
17	38000	1.02	1.015	1.015	1.015	1.015	1	1	1
18	40500	1.02	1.02	1.015	1.015	1.015	1	1	1
19	43000	1.02	1.02	1.02	1.015	1.015	1	1	1
20	45500	1.02	1.02	1.02	1.02	1.015	1.025	1	1
21	48000	1.02	1.02	1.02	1.02	1.02	1.025	1	1
22	50500	1.025	1.02	1.02	1.02	1.02	1.025	1	1
23	53000	1.025	1.025	1.02	1.02	1.02	1.025	1	1
24	55500	1.025	1.025	1.025	1.02	1.02	1.025	1	1
25	58000	1.025	1.025	1.025	1.025	1.02	1.025	1	1
26	60500	1.025	1.025	1.025	1.025	1.025	1.025	1	1
27	63000	1.03	1.025	1.025	1.025	1.025	1.025	1	1
28	65500	1.03	1.03	1.025	1.025	1.025	1.025	1	1
29	68000	1.03	1.03	1.03	1.025	1.025	1.025	1	1
30	70500	1.03	1.03	1.03	1.03	1.025	1.025	1	1
31	73000	1.03	1.03	1.03	1.03	1.03	1.025	1	1
32	75500	1.035	1.03	1.03	1.03	1.03	1.025	1	1
33	78000	1.035	1.035	1.03	1.03	1.03	1.025	1	1
34	80500	1.035	1.035	1.035	1.03	1.03	1.025	1	1
35	83000	1.035	1.035	1.035	1.035	1.03	1.025	1	1
36	85500	1.035	1.035	1.035	1.035	1.035	1.025	1	1
37	88000	1.04	1.035	1.035	1.035	1.035	1.025	1	1
38	90500	1.04	1.04	1.035	1.035	1.035	1.025	1	1
39	93000	1.04	1.04	1.04	1.035	1.035	1.025	1	1
40	95500	1.04	1.04	1.04	1.04	1.035	1.025	1.025	1
41	98000	1.04	1.04	1.04	1.04	1.04	1.025	1.025	1
42	100500	1.045	1.04	1.04	1.04	1.04	1.025	1.025	1
43	103000	1.045	1.045	1.04	1.04	1.04	1.025	1.025	1
44	105500	1.045	1.045	1.045	1.04	1.04	1.025	1.025	1
45	108000	1.045	1.045	1.045	1.045	1.04	1.025	1.025	1
46	110500	1.045	1.045	1.045	1.045	1.045	1.025	1.025	1
47	113000	1.05	1.045	1.045	1.045	1.045	1.025	1.025	1
48	115500	1.05	1.05	1.045	1.045	1.045	1.025	1.025	1
49	118000	1.05	1.05	1.05	1.045	1.045	1.025	1.025	1
50	120500	1.05	1.05	1.05	1.05	1.045	1.025	1.025	1
51	123000	1.05	1.05	1.05	1.05	1.05	1.025	1.025	1
52	125500	1.055	1.05	1.05	1.05	1.05	1.025	1.025	1
53	128000	1.055	1.055	1.05	1.05	1.05	1.025	1.025	1
54	130500	1.055	1.055	1.055	1.05	1.05	1.025	1.025	1
55	133000	1.055	1.055	1.055	1.055	1.05	1.025	1.025	1
56	135500	1.055	1.055	1.055	1.055	1.055	1.025	1.025	1
57	138000	1.06	1.055	1.055	1.055	1.055	1.025	1.025	1
58	140500	1.06	1.06	1.055	1.055	1.055	1.025	1.025	1
59	143000	1.06	1.06	1.06	1.055	1.055	1.025	1.025	1
60	145500	1.06	1.06	1.06	1.06	1.055	1.05	1.025	1
61	148000	1.06	1.06	1.06	1.06	1.06	1.05	1.025	1
62	150500	1.065	1.06	1.06	1.06	1.06	1.05	1.025	1
63	153000	1.065	1.065	1.06	1.06	1.06	1.05	1.025	1
64	155500	1.065	1.065	1.065	1.06	1.06	1.05	1.025	1
65	158000	1.065	1.065	1.065	1.065	1.06	1.05	1.025	1
66	160500	1.065	1.065	1.065	1.065	1.065	1.05	1.025	1
67	163000	1.07	1.065	1.065	1.065	1.065	1.05	1.025	1
68	165500	1.07	1.07	1.065	1.065	1.065	1.05	1.025	1
69	168000	1.07	1.07	1.07	1.065	1.065	1.05	1.025	1
70	170500	1.07	1.07	1.07	1.07	1.065	1.05	1.025	1
71	173000	1.07	1.07	1.07	1.07	1.07	1.05	1.025	1
72	175500	1.075	1.07	1.07	1.07	1.07	1.05	1.025	1
73	178000	1.075	1.075	1.07	1.07	1.07	1.05	1.025	1
74	180500	1.075	1.075	1.075	1.07	1.07	1.05	1.025	1
75	183000	1.075	1.075	1.075	1.075	1.07	1.05	1.025	1
76	185500	1.075	1.075	1.075	1.075	1.075	1.05	1.025	1
77	188000	1.08	1.075	1.075	1.075	1.075	1.05	1.025	1
78	190500	1.08	1.08	1.075	1.075	1.075	1.05	1.025	1
79	193000	1.08	1.08	1.08	1.075	1.075	1.05	1.025	1
80	195500	1.08	1.08	1.08	1.08	1.075	1.05	1.05	1
81	198000	1.08	1.08	1.08	1.08	1.08	1.05	1.05	1
82	200500	1.085	1.08	1.08	1.08	1.08	1.05	1.05	1
83	203000	1.085	1.085	1.08	1.08	1.08	1.05	1.05	1
84	205500	1.085	1.085	1.085	1.08	1.08	1.05	1.05	1
85	208000	1.085	1.085	1.085	1.085	1.08	1.05	1.05	1
86	210500	1.085	1.085	1.085	1.085	1.085	1.05	1.05	1
87	213000	1.09	1.085	1.085	1.085	1.085	1.05	1.05	1
88	215500	1.09	1.09	1.085	1.085	1.085	1.05	1.05	1
89	218000	1.09	1.09	1.09	1.085	1.085	1.05	1.05	1
90	220500	1.09	1.09	1.09	1.09	1.085	1.05	1.05	1
91	223000	1.09	1.09	1.09	1.09	1.09	1.05	1.05	1
92	225500	1.095	1.09	1.09	1.09	1.09	1.05	1.05	1
93	228000	1.095	1.095	1.09	1.09	1.09	1.05	1.05	1
94	230500	1.095	1.095	1.095	1.09	1.09	1.05	1.05	1
95	233000	1.095	1.095	1.095	1.095	1.09	1.05	1.05	1
96	235500	1.095	1.095	1.095	1.095	1.095	1.05	1.05	1
97	238000	1.1	1.095	1.095	1.095	1.095	1.05	1.05	1
98	240500	1.1	1.1	1.095	1.095	1.095	1.05	1.05	1
99	243000	1.1	1.1	1.1	1.095	1.095	1.05	1.05	1
100	245500	1.1	1.1	1.1	1.1	1.095	1.05	1.05	1.025
101	248000	1.1	1.1	1.1	1.1	1.1	1.05	1.05	1.025
102	250500	1.105	1.1	1.1	1.1	1.1	1.05	1.05	1.025
103	253000	1.105	1.105	1.1	1.1	1.1	1.05	1.05	1.025
104	255500	1.105	1.105	1.105	1.1	1.1	1.05	1.05	1.025
105	258000	1.105	1.105	1.105	1.105	1.1	1.05	1.05	1.025
106	260500	1.105	1.105	1.105	1.105	1.105	1.05	1.05	1.025
107	263000	1.11	1.105	1.105	1.105	1.105	1.05	1.05	1.025
108	265500	1.11	1.11	1.105	1.105	1.105	1.05	1.05	1.025
109	268000	1.11	1.11	1.11	1.105	1.105	1.05	1.05	1.025
110	270500	1.11	1.11	1.11	1.11	1.105	1.05	1.05	1.025
111	273000	1.11	1.11	1.11	1.11	1.11	1.05	1.05	1.025
112	275500	1.115	1.11	1.11	1.11	1.11	1.05	1.05	1.025
113	278000	1.115	1.115	1.11	1.11	1.11	1.05	1.05	1.025
114	280500	1.115	1.115	1.115	1.11	1.11	1.05	1.05	1.025
115	283000	1.115	1.115	1.115	1.115	1.11	1.05	1.05	1.025
116	285500	1.115	1.115	1.115	1.115	1.115	1.05	1.05	1.025
117	288000	1.12	1.115	1.115	1.115	1.115	1.05	1.05	1.025
118	290500	1.12	1.12	1.115	1.115	1.115	1.05	1.05	1.025
119	293000	1.12	1.12	1.12	1.115	1.115	1.05	1.05	1.025
120	295500	1.12	1.12	1.12	1.12	1.115	1.075	1.05	1.025
121	298000	1.12	1.12	1.12	1.12	1.12	1.075	1.05	1.025
122	300500	1.125	1.12	1.12	1.12	1.12	1.075	1.05	1.025
123	303000	1.125	1.125	1.12	1.12	1.12	1.075	1.05	1.025
124	305500	1.125	1.125	1.125	1.12	1.12	1.075	1.05	1.025
125	308000	1.125	1.125	1.125	1.125	1.12	1.075	1.05	1.025
126	310500	1.125	1.125	1.125	1.125	1.125	1.075	1.05	1.025
127	313000	1.13	1.125	1.125	1.125	1.125	1.075	1.05	1.025
128	315500	1.13	1.13	1.125	1.125	1.125	1.075	1.05	1.025
129	318000	1.13	1.13	1.13	1.125	1.125	1.075	1.05	1.025
130	320500	1.13	1.13	1.13	1.13	1.125	1.075	1.05	1.025
131	323000	1.13	1.13	1.13	1.13	1.13	1.075	1.05	1.025
132	325500	1.135	1.13	1.13	1.13	1.13	1.075	1.05	1.025
133	328000	1.135	1.135	1.13	1.13	1.13	1.075	1.05	1.025
134	330500	1.135	1.135	1.135	1.13	1.13	1.075	1.05	1.025
135	333000	1.135	1.135	1.135	1.135	1.13	1.075	1.05	1.025
136	335500	1.135	1.135	1.135	1.135	1.135	1.075	1.05	1.025
137	338000	1.14	1.135	1.135	1.135	1.135	1.075	1.05	1.025
138	340500	1.14	1.14	1.135	1.135	1.135	1.075	1.05	1.025
139	343000	1.14	1.14	1.14	1.135	1.135	1.075	1.05	1.025
140	345500	1.14	1.14	1.14	1.14	1.135	1.075	1.075	1.025
141	348000	1.14	1.14	1.14	1.14	1.14	1.075	1.075	1.025
142	350500	1.145	1.14	1.14	1.14	1.14	1.075	1.075	1.025
143	353000	1.145	1.145	1.14	1.14	1.14	1.075	1.075	1.025
144	355500	1.145	1.145	1.145	1.14	1.14	1.075	1.075	1.025
145	358000	1.145	1.145	1.145	1.145	1.14	1.075	1.075	1.025
146	360500	1.145	1.145	1.145	1.145	1.145	1.075	1.075	1.025
147	363000	1.15	1.145	1.145	1.145	1.145	1.075	1.075	1.025
148	365500	1.15	1.15	1.145	1.145	1.145	1.075	1.075	1.025
149	368000	1.15	1.15	1.15	1.145	1.145	1.075	1.075	1.025
150	370500	1.15	1.15	1.15	1.15	1.145	1.075	1.075	1.025
151	373000	1.15	1.15	1.15	1.15	1.15	1.075	1.075	1.025
152	375500	1.155	1.15	1.15	1.15	1.15	1.075	1.075	1.025
153	378000	1.155	1.155	1.15	1.15	1.15	1.075	1.075	1.025
154	380500	1.155	1.155	1.155	1.15	1.15	1.075	1.075	1.025
155	383000	1.155	1.155	1.155	1.155	1.15	1.075	1.075	1.025
156	385500	1.155	1.155	1.155	1.155	1.155	1.075	1.075	1.025
157	388000	1.16	1.155	1.155	1.155	1.155	1.075	1.075	1.025
158	390500	1.16	1.16	1.155	1.155	1.155	1.075	1.075	1.025
159	393000	1.16	1.16	1.16	1.155	1.155	1.075	1.075	1.025
160	395500	1.16	1.16	1.16	1.16	1.155	1.1	1.075	1.025
161	398000	1.16	1.16	1.16	1.16	1.16	1.1	1.075	1.025
162	400500	1.165	1.16	1.16	1.16	1.16	1.1	1.075	1.025
163	403000	1.165	1.165	1.16	1.16	1.16	1.1	1.075	1.025
164	405500	1.165	1.165	1.165	1.16	1.16	1.1	1.075	1.025
165	408000	1.165	1.165	1.165	1.165	1.16	1.1	1.075	1.025
166	410500	1.165	1.165	1.165	1.165	1.165	1.1	1.075	1.025
167	413000	1.17	1.165	1.165	1.165	1.165	1.1	1.075	1.025
168	415500	1.17	1.17	1.165	1.165	1.165	1.1	1.075	1.025
169	418000	1.17	1.17	1.17	1.165	1.165	1.1	1.075	1.025
170	420500	1.17	1.17	1.17	1.17	1.165	1.1	1.075	1.025
171	423000	1.17	1.17	1.17	1.17	1.17	1.1	1.075	1.025
172	425500	1.175	1.17	1.17	1.17	1.17	1.1	1.075	1.025
173	428000	1.175	1.175	1.17	1.17	1.17	1.1	1.075	1.025
174	430500	1.175	1.175	1.175	1.17	1.17	1.1	1.075	1.025
175	433000	1.175	1.175	1.175	1.175	1.17	1.1	1.075	1.025
176	435500	1.175	1.175	1.175	1.175	1.175	1.1	1.075	1.025
177	438000	1.18	1.175	1.175	1.175	1.175	1.1	1.075	1.025
178	440500	1.18	1.18	1.175	1.175	1.175	1.1	1.075	1.025
179	443000	1.18	1.18	1.18	1.175	1.175	1.1	1.075	1.025
180	445500	1.18	1.18	1.18	1.18	1.175	1.1	1.1	1.025
181	448000	1.18	1.18	1.18	1.18	1.18	1.1	1.1	1.025
182	450500	1.185	1.18	1.18	1.18	1.18	1.1	1.1	1.025
183	453000	1.185	1.185	1.18	1.18	1.18	1.1	1.1	1.025
184	455500	1.185	1.185	1.185	1.18	1.18	1.1	1.1	1.025
185	458000	1.185	1.185	1.185	1.185	1.18	1.1	1.1	1.025
186	460500	1.185	1.185	1.185	1.185	1.185	1.1	1.1	1.025
187	463000	1.19	1.185	1.185	1.185	1.185	1.1	1.1	1.025
188	465500	1.19	1.19	1.185	1.185	1.185	1.1	1.1	1.025
189	468000	1.19	1.19	1.19	1.185	1.185	1.1	1.1	1.025
190	470500	1.19	1.19	1.19	1.19	1.185	1.1	1.1	1.025
191	473000	1.19	1.19	1.19	1.19	1.19	1.1	1.1	1.025
192	475500	1.195	1.19	1.19	1.19	1.19	1.1	1.1	1.025
193	478000	1.195	1.195	1.19	1.19	1.19	1.1	1.1	1.025
194	480500	1.195	1.195	1.195	1.19	1.19	1.1	1.1	1.025
195	483000	1.195	1.195	1.195	1.195	1.19	1.1	1.1	1.025
196	485500	1.195	1.195	1.195	1.195	1.195	1.1	1.1	1.025
197	488000	1.2	1.195	1.195	1.195	1.195	1.1	1.1	1.025
198	490500	1.2	1.2	1.195	1.195	1.195	1.1	1.1	1.025
199	493000	1.2	1.2	1.2	1.195	1.195	1.1	1.1	1.025
200	495500	1.2	1.2	1.2	1.2	1.195	1.1	1.1	1.05
201	498000	1.2	1.2	1.2	1.2	1.2	1.1	1.1	1.05
202	500500	1.205	1.2	1.2	1.2	1.2	1.1	1.1	1.05
203	503000	1.205	1.205	1.2	1.2	1.2	1.1	1.1	1.05
204	505500	1.205	1.205	1.205	1.2	1.2	1.1	1.1	1.05
205	508000	1.205	1.205	1.205	1.205	1.2	1.1	1.1	1.05
206	510500	1.205	1.205	1.205	1.205	1.205	1.1	1.1	1.05
207	513000	1.21	1.205	1.205	1.205	1.205	1.1	1.1	1.05
208	515500	1.21	1.21	1.205	1.205	1.205	1.1	1.1	1.05
209	518000	1.21	1.21	1.21	1.205	1.205	1.1	1.1	1.05
210	520500	1.21	1.21	1.21	1.21	1.205	1.1	1.1	1.05
211	523000	1.21	1.21	1.21	1.21	1.21	1.1	1.1	1.05
212	525500	1.215	1.21	1.21	1.21	1.21	1.1	1.1	1.05
213	528000	1.215	1.215	1.21	1.21	1.21	1.1	1.1	1.05
214	530500	1.215	1.215	1.215	1.21	1.21	1.1	1.1	1.05
215	533000	1.215	1.215	1.215	1.215	1.21	1.1	1.1	1.05
216	535500	1.215	1.215	1.215	1.215	1.215	1.1	1.1	1.05
217	538000	1.22	1.215	1.215	1.215	1.215	1.1	1.1	1.05
218	540500	1.22	1.22	1.215	1.215	1.215	1.1	1.1	1.05
219	543000	1.22	1.22	1.22	1.215	1.215	1.1	1.1	1.05
220	545500	1.22	1.22	1.22	1.22	1.215	1.125	1.1	1.05
221	548000	1.22	1.22	1.22	1.22	1.22	1.125	1.1	1.05
222	550500	1.225	1.22	1.22	1.22	1.22	1.125	1.1	1.05
223	553000	1.225	1.225	1.22	1.22	1.22	1.125	1.1	1.05
224	555500	1.225	1.225	1.225	1.22	1.22	1.125	1.1	1.05
225	558000	1.225	1.225	1.225	1.225	1.22	1.125	1.1	1.05
226	560500	1.225	1.225	1.225	1.225	1.225	1.125	1.1	1.05
227	563000	1.23	1.225	1.225	1.225	1.225	1.125	1.1	1.05
228	565500	1.23	1.23	1.225	1.225	1.225	1.125	1.1	1.05
229	568000	1.23	1.23	1.23	1.225	1.225	1.125	1.1	1.05
230	570500	1.23	1.23	1.23	1.23	1.225	1.125	1.1	1.05
231	573000	1.23	1.23	1.23	1.23	1.23	1.125	1.1	1.05
232	575500	1.235	1.23	1.23	1.23	1.23	1.125	1.1	1.05
233	578000	1.235	1.235	1.23	1.23	1.23	1.125	1.1	1.05
234	580500	1.235	1.235	1.235	1.23	1.23	1.125	1.1	1.05
235	583000	1.235	1.235	1.235	1.235	1.23	1.125	1.1	1.05
236	585500	1.235	1.235	1.235	1.235	1.235	1.125	1.1	1.05
237	588000	1.24	1.235	1.235	1.235	1.235	1.125	1.1	1.05
238	590500	1.24	1.24	1.235	1.235	1.235	1.125	1.1	1.05
239	593000	1.24	1.24	1.24	1.235	1.235	1.125	1.1	1.05
240	595500	1.24	1.24	1.24	1.24	1.235	1.125	1.125	1.05
241	598000	1.24	1.24	1.24	1.24	1.24	1.125	1.125	1.05
242	600500	1.245	1.24	1.24	1.24	1.24	1.125	1.125	1.05
243	603000	1.245	1.245	1.24	1.24	1.24	1.125	1.125	1.05
244	605500	1.245	1.245	1.245	1.24	1.24	1.125	1.125	1.05
245	608000	1.245	1.245	1.245	1.245	1.24	1.125	1.125	1.05
246	610500	1.245	1.245	1.245	1.245	1.245	1.125	1.125	1.05
247	613000	1.25	1.245	1.245	1.245	1.245	1.125	1.125	1.05
248	615500	1.25	1.25	1.245	1.245	1.245	1.125	1.125	1.05
249	618000	1.25	1.25	1.25	1.245	1.245	1.125	1.125	1.05
250	620500	1.25	1.25	1.25	1.25	1.245	1.125	1.125	1.05
251	623000	1.25	1.25	1.25	1.25	1.25	1.125	1.125	1.05
252	625500	1.255	1.25	1.25	1.25	1.25	1.125	1.125	1.05
253	628000	1.255	1.255	1.25	1.25	1.25	1.125	1.125	1.05
254	630500	1.255	1.255	1.255	1.25	1.25	1.125	1.125	1.05
255	633000	1.255	1.255	1.255	1.255	1.25	1.125	1.125	1.05
256	635500	1.255	1.255	1.255	1.255	1.255	1.125	1.125	1.05
257	638000	1.26	1.255	1.255	1.255	1.255	1.125	1.125	1.05
258	640500	1.26	1.26	1.255	1.255	1.255	1.125	1.125	1.05
259	643000	1.26	1.26	1.26	1.255	1.255	1.125	1.125	1.05
260	645500	1.26	1.26	1.26	1.26	1.255	1.15	1.125	1.05
261	648000	1.26	1.26	1.26	1.26	1.26	1.15	1.125	1.05
262	650500	1.265	1.26	1.26	1.26	1.26	1.15	1.125	1.05
263	653000	1.265	1.265	1.26	1.26	1.26	1.15	1.125	1.05
264	655500	1.265	1.265	1.265	1.26	1.26	1.15	1.125	1.05
265	658000	1.265	1.265	1.265	1.265	1.26	1.15	1.125	1.05
266	660500	1.265	1.265	1.265	1.265	1.265	1.15	1.125	1.05
267	663000	1.27	1.265	1.265	1.265	1.265	1.15	1.125	1.05
268	665500	1.27	1.27	1.265	1.265	1.265	1.15	1.125	1.05
269	668000	1.27	1.27	1.27	1.265	1.265	1.15	1.125	1.05
270	670500	1.27	1.27	1.27	1.27	1.265	1.15	1.125	1.05
271	673000	1.27	1.27	1.27	1.27	1.27	1.15	1.125	1.05
272	675500	1.275	1.27	1.27	1.27	1.27	1.15	1.125	1.05
273	678000	1.275	1.275	1.27	1.27	1.27	1.15	1.125	1.05
274	680500	1.275	1.275	1.275	1.27	1.27	1.15	1.125	1.05
275	683000	1.275	1.275	1.275	1.275	1.27	1.15	1.125	1.05
276	685500	1.275	1.275	1.275	1.275	1.275	1.15	1.125	1.05
277	688000	1.28	1.275	1.275	1.275	1.275	1.15	1.125	1.05
278	690500	1.28	1.28	1.275	1.275	1.275	1.15	1.125	1.05
279	693000	1.28	1.28	1.28	1.275	1.275	1.15	1.125	1.05
280	695500	1.28	1.28	1.28	1.28	1.275	1.15	1.15	1.05
281	698000	1.28	1.28	1.28	1.28	1.28	1.15	1.15	1.05
282	700500	1.285	1.28	1.28	1.28	1.28	1.15	1.15	1.05
283	703000	1.285	1.285	1.28	1.28	1.28	1.15	1.15	1.05
284	705500	1.285	1.285	1.285	1.28	1.28	1.15	1.15	1.05
285	708000	1.285	1.285	1.285	1.285	1.28	1.15	1.15	1.05
286	710500	1.285	1.285	1.285	1.285	1.285	1.15	1.15	1.05
287	713000	1.29	1.285	1.285	1.285	1.285	1.15	1.15	1.05
288	715500	1.29	1.29	1.285	1.285	1.285	1.15	1.15	1.05
289	718000	1.29	1.29	1.29	1.285	1.285	1.15	1.15	1.05
290	720500	1.29	1.29	1.29	1.29	1.285	1.15	1.15	1.05
291	723000	1.29	1.29	1.29	1.29	1.29	1.15	1.15	1.05
292	725500	1.295	1.29	1.29	1.29	1.29	1.15	1.15	1.05
293	728000	1.295	1.295	1.29	1.29	1.29	1.15	1.15	1.05
294	730500	1.295	1.295	1.295	1.29	1.29	1.15	1.15	1.05
295	733000	1.295	1.295	1.295	1.295	1.29	1.15	1.15	1.05
296	735500	1.295	1.295	1.295	1.295	1.295	1.15	1.15	1.05
297	738000	1.3	1.295	1.295	1.295	1.295	1.15	1.15	1.05
298	740500	1.3	1.3	1.295	1.295	1.295	1.15	1.15	1.05
299	743000	1.3	1.3	1.3	1.295	1.295	1.15	1.15	1.05
300	745500	1.3	1.3	1.3	1.3	1.295	1.15	1.15	1.075
301	748000	1.3	1.3	1.3	1.3	1.3	1.15	1.15	1.075
302	750500	1.305	1.3	1.3	1.3	1.3	1.15	1.15	1.075
303	753000	1.305	1.305	1.3	1.3	1.3	1.15	1.15	1.075
304	755500	1.305	1.305	1.305	1.3	1.3	1.15	1.15	1.075
305	758000	1.305	1.305	1.305	1.305	1.3	1.15	1.15	1.075
306	760500	1.305	1.305	1.305	1.305	1.305	1.15	1.15	1.075
307	763000	1.31	1.305	1.305	1.305	1.305	1.15	1.15	1.075
308	765500	1.31	1.31	1.305	1.305	1.305	1.15	1.15	1.075
309	768000	1.31	1.31	1.31	1.305	1.305	1.15	1.15	1.075
310	770500	1.31	1.31	1.31	1.31	1.305	1.15	1.15	1.075
311	773000	1.31	1.31	1.31	1.31	1.31	1.15	1.15	1.075
312	775500	1.315	1.31	1.31	1.31	1.31	1.15	1.15	1.075
313	778000	1.315	1.315	1.31	1.31	1.31	1.15	1.15	1.075
314	780500	1.315	1.315	1.315	1.31	1.31	1.15	1.15	1.075
315	783000	1.315	1.315	1.315	1.315	1.31	1.15	1.15	1.075
316	785500	1.315	1.315	1.315	1.315	1.315	1.15	1.15	1.075
317	788000	1.32	1.315	1.315	1.315	1.315	1.15	1.15	1.075
318	790500	1.32	1.32	1.315	1.315	1.315	1.15	1.15	1.075
319	793000	1.32	1.32	1.32	1.315	1.315	1.15	1.15	1.075
320	795500	1.32	1.32	1.32	1.32	1.315	1.175	1.15	1.075
321	798000	1.32	1.32	1.32	1.32	1.32	1.175	1.15	1.075
322	800500	1.325	1.32	1.32	1.32	1.32	1.175	1.15	1.075
323	803000	1.325	1.325	1.32	1.32	1.32	1.175	1.15	1.075
324	805500	1.325	1.325	1.325	1.32	1.32	1.175	1.15	1.075
325	808000	1.325	1.325	1.325	1.325	1.32	1.175	1.15	1.075
326	810500	1.325	1.325	1.325	1.325	1.325	1.175	1.15	1.075
327	813000	1.33	1.325	1.325	1.325	1.325	1.175	1.15	1.075
328	815500	1.33	1.33	1.325	1.325	1.325	1.175	1.15	1.075
329	818000	1.33	1.33	1.33	1.325	1.325	1.175	1.15	1.075
330	820500	1.33	1.33	1.33	1.33	1.325	1.175	1.15	1.075
331	823000	1.33	1.33	1.33	1.33	1.33	1.175	1.15	1.075
332	825500	1.335	1.33	1.33	1.33	1.33	1.175	1.15	1.075
333	828000	1.335	1.335	1.33	1.33	1.33	1.175	1.15	1.075
334	830500	1.335	1.335	1.335	1.33	1.33	1.175	1.15	1.075
335	833000	1.335	1.335	1.335	1.335	1.33	1.175	1.15	1.075
336	835500	1.335	1.335	1.335	1.335	1.335	1.175	1.15	1.075
337	838000	1.34	1.335	1.335	1.335	1.335	1.175	1.15	1.075
338	840500	1.34	1.34	1.335	1.335	1.335	1.175	1.15	1.075
339	843000	1.34	1.34	1.34	1.335	1.335	1.175	1.15	1.075
340	845500	1.34	1.34	1.34	1.34	1.335	1.175	1.175	1.075
341	848000	1.34	1.34	1.34	1.34	1.34	1.175	1.175	1.075
342	850500	1.345	1.34	1.34	1.34	1.34	1.175	1.175	1.075
343	853000	1.345	1.345	1.34	1.34	1.34	1.175	1.175	1.075
344	855500	1.345	1.345	1.345	1.34	1.34	1.175	1.175	1.075
345	858000	1.345	1.345	1.345	1.345	1.34	1.175	1.175	1.075
346	860500	1.345	1.345	1.345	1.345	1.345	1.175	1.175	1.075
347	863000	1.35	1.345	1.345	1.345	1.345	1.175	1.175	1.075
348	865500	1.35	1.35	1.345	1.345	1.345	1.175	1.175	1.075
349	868000	1.35	1.35	1.35	1.345	1.345	1.175	1.175	1.075
350	870500	1.35	1.35	1.35	1.35	1.345	1.175	1.175	1.075
351	873000	1.35	1.35	1.35	1.35	1.35	1.175	1.175	1.075
352	875500	1.355	1.35	1.35	1.35	1.35	1.175	1.175	1.075
353	878000	1.355	1.355	1.35	1.35	1.35	1.175	1.175	1.075
354	880500	1.355	1.355	1.355	1.35	1.35	1.175	1.175	1.075
355	883000	1.355	1.355	1.355	1.355	1.35	1.175	1.175	1.075
356	885500	1.355	1.355	1.355	1.355	1.355	1.175	1.175	1.075
357	888000	1.36	1.355	1.355	1.355	1.355	1.175	1.175	1.075
358	890500	1.36	1.36	1.355	1.355	1.355	1.175	1.175	1.075
359	893000	1.36	1.36	1.36	1.355	1.355	1.175	1.175	1.075
360	895500	1.36	1.36	1.36	1.36	1.355	1.2	1.175	1.075
361	898000	1.36	1.36	1.36	1.36	1.36	1.2	1.175	1.075
362	900500	1.365	1.36	1.36	1.36	1.36	1.2	1.175	1.075
363	903000	1.365	1.365	1.36	1.36	1.36	1.2	1.175	1.075
364	905500	1.365	1.365	1.365	1.36	1.36	1.2	1.175	1.075
365	908000	1.365	1.365	1.365	1.365	1.36	1.2	1.175	1.075
366	910500	1.365	1.365	1.365	1.365	1.365	1.2	1.175	1.075
367	913000	1.37	1.365	1.365	1.365	1.365	1.2	1.175	1.075
368	915500	1.37	1.37	1.365	1.365	1.365	1.2	1.175	1.075
369	918000	1.37	1.37	1.37	1.365	1.365	1.2	1.175	1.075
370	920500	1.37	1.37	1.37	1.37	1.365	1.2	1.175	1.075
371	923000	1.37	1.37	1.37	1.37	1.37	1.2	1.175	1.075
372	925500	1.375	1.37	1.37	1.37	1.37	1.2	1.175	1.075
373	928000	1.375	1.375	1.37	1.37	1.37	1.2	1.175	1.075
374	930500	1.375	1.375	1.375	1.37	1.37	1.2	1.175	1.075
375	933000	1.375	1.375	1.375	1.375	1.37	1.2	1.175	1.075
376	935500	1.375	1.375	1.375	1.375	1.375	1.2	1.175	1.075
377	938000	1.38	1.375	1.375	1.375	1.375	1.2	1.175	1.075
378	940500	1.38	1.38	1.375	1.375	1.375	1.2	1.175	1.075
379	943000	1.38	1.38	1.38	1.375	1.375	1.2	1.175	1.075
380	945500	1.38	1.38	1.38	1.38	1.375	1.2	1.2	1.075
381	948000	1.38	1.38	1.38	1.38	1.38	1.2	1.2	1.075
382	950500	1.385	1.38	1.38	1.38	1.38	1.2	1.2	1.075
383	953000	1.385	1.385	1.38	1.38	1.38	1.2	1.2	1.075
384	955500	1.385	1.385	1.385	1.38	1.38	1.2	1.2	1.075
385	958000	1.385	1.385	1.385	1.385	1.38	1.2	1.2	1.075
386	960500	1.385	1.385	1.385	1.385	1.385	1.2	1.2	1.075
387	963000	1.39	1.385	1.385	1.385	1.385	1.2	1.2	1.075
388	965500	1.39	1.39	1.385	1.385	1.385	1.2	1.2	1.075
389	968000	1.39	1.39	1.39	1.385	1.385	1.2	1.2	1.075
390	970500	1.39	1.39	1.39	1.39	1.385	1.2	1.2	1.075
391	973000	1.39	1.39	1.39	1.39	1.39	1.2	1.2	1.075
392	975500	1.395	1.39	1.39	1.39	1.39	1.2	1.2	1.075
393	978000	1.395	1.395	1.39	1.39	1.39	1.2	1.2	1.075
394	980500	1.395	1.395	1.395	1.39	1.39	1.2	1.2	1.075
395	983000	1.395	1.395	1.395	1.395	1.39	1.2	1.2	1.075
396	985500	1.395	1.395	1.395	1.395	1.395	1.2	1.2	1.075
397	988000	1.4	1.395	1.395	1.395	1.395	1.2	1.2	1.075
398	990500	1.4	1.4	1.395	1.395	1.395	1.2	1.2	1.075
399	993000	1.4	1.4	1.4	1.395	1.395	1.2	1.2	1.075
400	995500	1.4	1.4	1.4	1.4	1.395	1.2	1.2	1.1
401	998000	1.4	1.4	1.4	1.4	1.4	1.2	1.2	1.1
402	1000500	1.405	1.4	1.4	1.4	1.4	1.2	1.2	1.1
403	1003000	1.405	1.405	1.4	1.4	1.4	1.2	1.2	1.1
404	1005500	1.405	1.405	1.405	1.4	1.4	1.2	1.2	1.1
405	1008000	1.405	1.405	1.405	1.405	1.4	1.2	1.2	1.1
406	1010500	1.405	1.405	1.405	1.405	1.405	1.2	1.2	1.1
407	1013000	1.41	1.405	1.405	1.405	1.405	1.2	1.2	1.1
408	1015500	1.41	1.41	1.405	1.405	1.405	1.2	1.2	1.1
409	1018000	1.41	1.41	1.41	1.405	1.405	1.2	1.2	1.1
410	1020500	1.41	1.41	1.41	1.41	1.405	1.2	1.2	1.1
411	1023000	1.41	1.41	1.41	1.41	1.41	1.2	1.2	1.1
412	1025500	1.415	1.41	1.41	1.41	1.41	1.2	1.2	1.1
413	1028000	1.415	1.415	1.41	1.41	1.41	1.2	1.2	1.1
414	1030500	1.415	1.415	1.415	1.41	1.41	1.2	1.2	1.1
415	1033000	1.415	1.415	1.415	1.415	1.41	1.2	1.2	1.1
416	1035500	1.415	1.415	1.415	1.415	1.415	1.2	1.2	1.1
417	1038000	1.42	1.415	1.415	1.415	1.415	1.2	1.2	1.1
418	1040500	1.42	1.42	1.415	1.415	1.415	1.2	1.2	1.1
419	1043000	1.42	1.42	1.42	1.415	1.415	1.2	1.2	1.1
420	1045500	1.42	1.42	1.42	1.42	1.415	1.225	1.2	1.1
421	1048000	1.42	1.42	1.42	1.42	1.42	1.225	1.2	1.1
422	1050500	1.425	1.42	1.42	1.42	1.42	1.225	1.2	1.1
423	1053000	1.425	1.425	1.42	1.42	1.42	1.225	1.2	1.1
424	1055500	1.425	1.425	1.425	1.42	1.42	1.225	1.2	1.1
425	1058000	1.425	1.425	1.425	1.425	1.42	1.225	1.2	1.1
426	1060500	1.425	1.425	1.425	1.425	1.425	1.225	1.2	1.1
427	1063000	1.43	1.425	1.425	1.425	1.425	1.225	1.2	1.1
428	1065500	1.43	1.43	1.425	1.425	1.425	1.225	1.2	1.1
429	1068000	1.43	1.43	1.43	1.425	1.425	1.225	1.2	1.1
430	1070500	1.43	1.43	1.43	1.43	1.425	1.225	1.2	1.1
431	1073000	1.43	1.43	1.43	1.43	1.43	1.225	1.2	1.1
432	1075500	1.435	1.43	1.43	1.43	1.43	1.225	1.2	1.1
433	1078000	1.435	1.435	1.43	1.43	1.43	1.225	1.2	1.1
434	1080500	1.435	1.435	1.435	1.43	1.43	1.225	1.2	1.1
435	1083000	1.435	1.435	1.435	1.435	1.43	1.225	1.2	1.1
436	1085500	1.435	1.435	1.435	1.435	1.435	1.225	1.2	1.1
437	1088000	1.44	1.435	1.435	1.435	1.435	1.225	1.2	1.1
438	1090500	1.44	1.44	1.435	1.435	1.435	1.225	1.2	1.1
439	1093000	1.44	1.44	1.44	1.435	1.435	1.225	1.2	1.1
440	1095500	1.44	1.44	1.44	1.44	1.435	1.225	1.225	1.1
441	1098000	1.44	1.44	1.44	1.44	1.44	1.225	1.225	1.1
442	1100500	1.445	1.44	1.44	1.44	1.44	1.225	1.225	1.1
443	1103000	1.445	1.445	1.44	1.44	1.44	1.225	1.225	1.1
444	1105500	1.445	1.445	1.445	1.44	1.44	1.225	1.225	1.1
445	1108000	1.445	1.445	1.445	1.445	1.44	1.225	1.225	1.1
446	1110500	1.445	1.445	1.445	1.445	1.445	1.225	1.225	1.1
447	1113000	1.45	1.445	1.445	1.445	1.445	1.225	1.225	1.1
448	1115500	1.45	1.45	1.445	1.445	1.445	1.225	1.225	1.1
449	1118000	1.45	1.45	1.45	1.445	1.445	1.225	1.225	1.1
450	1120500	1.45	1.45	1.45	1.45	1.445	1.225	1.225	1.1
451	1123000	1.45	1.45	1.45	1.45	1.45	1.225	1.225	1.1
452	1125500	1.455	1.45	1.45	1.45	1.45	1.225	1.225	1.1
453	1128000	1.455	1.455	1.45	1.45	1.45	1.225	1.225	1.1
454	1130500	1.455	1.455	1.455	1.45	1.45	1.225	1.225	1.1
455	1133000	1.455	1.455	1.455	1.455	1.45	1.225	1.225	1.1
456	1135500	1.455	1.455	1.455	1.455	1.455	1.225	1.225	1.1
457	1138000	1.46	1.455	1.455	1.455	1.455	1.225	1.225	1.1
458	1140500	1.46	1.46	1.455	1.455	1.455	1.225	1.225	1.1
459	1143000	1.46	1.46	1.46	1.455	1.455	1.225	1.225	1.1
460	1145500	1.46	1.46	1.46	1.46	1.455	1.25	1.225	1.1
461	1148000	1.46	1.46	1.46	1.46	1.46	1.25	1.225	1.1
462	1150500	1.465	1.46	1.46	1.46	1.46	1.25	1.225	1.1
463	1153000	1.465	1.465	1.46	1.46	1.46	1.25	1.225	1.1
464	1155500	1.465	1.465	1.465	1.46	1.46	1.25	1.225	1.1
465	1158000	1.465	1.465	1.465	1.465	1.46	1.25	1.225	1.1
466	1160500	1.465	1.465	1.465	1.465	1.465	1.25	1.225	1.1
467	1163000	1.47	1.465	1.465	1.465	1.465	1.25	1.225	1.1
468	1165500	1.47	1.47	1.465	1.465	1.465	1.25	1.225	1.1
469	1168000	1.47	1.47	1.47	1.465	1.465	1.25	1.225	1.1
470	1170500	1.47	1.47	1.47	1.47	1.465	1.25	1.225	1.1
471	1173000	1.47	1.47	1.47	1.47	1.47	1.25	1.225	1.1
472	1175500	1.475	1.47	1.47	1.47	1.47	1.25	1.225	1.1
473	1178000	1.475	1.475	1.47	1.47	1.47	1.25	1.225	1.1
474	1180500	1.475	1.475	1.475	1.47	1.47	1.25	1.225	1.1
475	1183000	1.475	1.475	1.475	1.475	1.47	1.25	1.225	1.1
476	1185500	1.475	1.475	1.475	1.475	1.475	1.25	1.225	1.1
477	1188000	1.48	1.475	1.475	1.475	1.475	1.25	1.225	1.1
478	1190500	1.48	1.48	1.475	1.475	1.475	1.25	1.225	1.1
479	1193000	1.48	1.48	1.48	1.475	1.475	1.25	1.225	1.1
480	1195500	1.48	1.48	1.48	1.48	1.475	1.25	1.25	1.1
481	1198000	1.48	1.48	1.48	1.48	1.48	1.25	1.25	1.1
482	1200500	1.485	1.48	1.48	1.48	1.48	1.25	1.25	1.1
483	1203000	1.485	1.485	1.48	1.48	1.48	1.25	1.25	1.1
484	1205500	1.485	1.485	1.485	1.48	1.48	1.25	1.25	1.1
485	1208000	1.485	1.485	1.485	1.485	1.48	1.25	1.25	1.1
486	1210500	1.485	1.485	1.485	1.485	1.485	1.25	1.25	1.1
487	1213000	1.49	1.485	1.485	1.485	1.485	1.25	1.25	1.1
488	1215500	1.49	1.49	1.485	1.485	1.485	1.25	1.25	1.1
489	1218000	1.49	1.49	1.49	1.485	1.485	1.25	1.25	1.1
490	1220500	1.49	1.49	1.49	1.49	1.485	1.25	1.25	1.1
491	1223000	1.49	1.49	1.49	1.49	1.49	1.25	1.25	1.1
492	1225500	1.495	1.49	1.49	1.49	1.49	1.25	1.25	1.1
493	1228000	1.495	1.495	1.49	1.49	1.49	1.25	1.25	1.1
494	1230500	1.495	1.495	1.495	1.49	1.49	1.25	1.25	1.1
495	1233000	1.495	1.495	1.495	1.495	1.49	1.25	1.25	1.1
496	1235500	1.495	1.495	1.495	1.495	1.495	1.25	1.25	1.1
497	1238000	1.5	1.495	1.495	1.495	1.495	1.25	1.25	1.1
498	1240500	1.5	1.5	1.495	1.495	1.495	1.25	1.25	1.1
499	1243000	1.5	1.5	1.5	1.495	1.495	1.25	1.25	1.1
500	1245500	1.5	1.5	1.5	1.5	1.495	1.25	1.25	1.125
501	1248000	1.5	1.5	1.5	1.5	1.5	1.25	1.25	1.125
502	1250500	1.505	1.5	1.5	1.5	1.5	1.25	1.25	1.125
503	1253000	1.505	1.505	1.5	1.5	1.5	1.25	1.25	1.125
504	1255500	1.505	1.505	1.505	1.5	1.5	1.25	1.25	1.125
505	1258000	1.505	1.505	1.505	1.505	1.5	1.25	1.25	1.125
506	1260500	1.505	1.505	1.505	1.505	1.505	1.25	1.25	1.125
507	1263000	1.51	1.505	1.505	1.505	1.505	1.25	1.25	1.125
508	1265500	1.51	1.51	1.505	1.505	1.505	1.25	1.25	1.125
509	1268000	1.51	1.51	1.51	1.505	1.505	1.25	1.25	1.125
510	1270500	1.51	1.51	1.51	1.51	1.505	1.25	1.25	1.125
511	1273000	1.51	1.51	1.51	1.51	1.51	1.25	1.25	1.125
512	1275500	1.515	1.51	1.51	1.51	1.51	1.25	1.25	1.125
513	1278000	1.515	1.515	1.51	1.51	1.51	1.25	1.25	1.125
514	1280500	1.515	1.515	1.515	1.51	1.51	1.25	1.25	1.125
515	1283000	1.515	1.515	1.515	1.515	1.51	1.25	1.25	1.125
516	1285500	1.515	1.515	1.515	1.515	1.515	1.25	1.25	1.125
517	1288000	1.52	1.515	1.515	1.515	1.515	1.25	1.25	1.125
518	1290500	1.52	1.52	1.515	1.515	1.515	1.25	1.25	1.125
519	1293000	1.52	1.52	1.52	1.515	1.515	1.25	1.25	1.125
520	1295500	1.52	1.52	1.52	1.52	1.515	1.275	1.25	1.125
521	1298000	1.52	1.52	1.52	1.52	1.52	1.275	1.25	1.125
522	1300500	1.525	1.52	1.52	1.52	1.52	1.275	1.25	1.125
523	1303000	1.525	1.525	1.52	1.52	1.52	1.275	1.25	1.125
524	1305500	1.525	1.525	1.525	1.52	1.52	1.275	1.25	1.125
525	1308000	1.525	1.525	1.525	1.525	1.52	1.275	1.25	1.125
526	1310500	1.525	1.525	1.525	1.525	1.525	1.275	1.25	1.125
527	1313000	1.53	1.525	1.525	1.525	1.525	1.275	1.25	1.125
528	1315500	1.53	1.53	1.525	1.525	1.525	1.275	1.25	1.125
529	1318000	1.53	1.53	1.53	1.525	1.525	1.275	1.25	1.125
530	1320500	1.53	1.53	1.53	1.53	1.525	1.275	1.25	1.125
531	1323000	1.53	1.53	1.53	1.53	1.53	1.275	1.25	1.125
532	1325500	1.535	1.53	1.53	1.53	1.53	1.275	1.25	1.125
533	1328000	1.535	1.535	1.53	1.53	1.53	1.275	1.25	1.125
534	1330500	1.535	1.535	1.535	1.53	1.53	1.275	1.25	1.125
535	1333000	1.535	1.535	1.535	1.535	1.53	1.275	1.25	1.125
536	1335500	1.535	1.535	1.535	1.535	1.535	1.275	1.25	1.125
537	1338000	1.54	1.535	1.535	1.535	1.535	1.275	1.25	1.125
538	1340500	1.54	1.54	1.535	1.535	1.535	1.275	1.25	1.125
539	1343000	1.54	1.54	1.54	1.535	1.535	1.275	1.25	1.125
540	1345500	1.54	1.54	1.54	1.54	1.535	1.275	1.275	1.125
541	1348000	1.54	1.54	1.54	1.54	1.54	1.275	1.275	1.125
542	1350500	1.545	1.54	1.54	1.54	1.54	1.275	1.275	1.125
543	1353000	1.545	1.545	1.54	1.54	1.54	1.275	1.275	1.125
544	1355500	1.545	1.545	1.545	1.54	1.54	1.275	1.275	1.125
545	1358000	1.545	1.545	1.545	1.545	1.54	1.275	1.275	1.125
546	1360500	1.545	1.545	1.545	1.545	1.545	1.275	1.275	1.125
547	1363000	1.55	1.545	1.545	1.545	1.545	1.275	1.275	1.125
548	1365500	1.55	1.55	1.545	1.545	1.545	1.275	1.275	1.125
549	1368000	1.55	1.55	1.55	1.545	1.545	1.275	1.275	1.125
550	1370500	1.55	1.55	1.55	1.55	1.545	1.275	1.275	1.125
551	1373000	1.55	1.55	1.55	1.55	1.55	1.275	1.275	1.125
552	1375500	1.555	1.55	1.55	1.55	1.55	1.275	1.275	1.125
553	1378000	1.555	1.555	1.55	1.55	1.55	1.275	1.275	1.125
554	1380500	1.555	1.555	1.555	1.55	1.55	1.275	1.275	1.125
555	1383000	1.555	1.555	1.555	1.555	1.55	1.275	1.275	1.125
556	1385500	1.555	1.555	1.555	1.555	1.555	1.275	1.275	1.125
557	1388000	1.56	1.555	1.555	1.555	1.555	1.275	1.275	1.125
558	1390500	1.56	1.56	1.555	1.555	1.555	1.275	1.275	1.125
559	1393000	1.56	1.56	1.56	1.555	1.555	1.275	1.275	1.125
560	1395500	1.56	1.56	1.56	1.56	1.555	1.3	1.275	1.125
561	1398000	1.56	1.56	1.56	1.56	1.56	1.3	1.275	1.125
562	1400500	1.565	1.56	1.56	1.56	1.56	1.3	1.275	1.125
563	1403000	1.565	1.565	1.56	1.56	1.56	1.3	1.275	1.125
564	1405500	1.565	1.565	1.565	1.56	1.56	1.3	1.275	1.125
565	1408000	1.565	1.565	1.565	1.565	1.56	1.3	1.275	1.125
566	1410500	1.565	1.565	1.565	1.565	1.565	1.3	1.275	1.125
567	1413000	1.57	1.565	1.565	1.565	1.565	1.3	1.275	1.125
568	1415500	1.57	1.57	1.565	1.565	1.565	1.3	1.275	1.125
569	1418000	1.57	1.57	1.57	1.565	1.565	1.3	1.275	1.125
570	1420500	1.57	1.57	1.57	1.57	1.565	1.3	1.275	1.125
571	1423000	1.57	1.57	1.57	1.57	1.57	1.3	1.275	1.125
572	1425500	1.575	1.57	1.57	1.57	1.57	1.3	1.275	1.125
573	1428000	1.575	1.575	1.57	1.57	1.57	1.3	1.275	1.125
574	1430500	1.575	1.575	1.575	1.57	1.57	1.3	1.275	1.125
575	1433000	1.575	1.575	1.575	1.575	1.57	1.3	1.275	1.125
576	1435500	1.575	1.575	1.575	1.575	1.575	1.3	1.275	1.125
577	1438000	1.58	1.575	1.575	1.575	1.575	1.3	1.275	1.125
578	1440500	1.58	1.58	1.575	1.575	1.575	1.3	1.275	1.125
579	1443000	1.58	1.58	1.58	1.575	1.575	1.3	1.275	1.125
580	1445500	1.58	1.58	1.58	1.58	1.575	1.3	1.3	1.125
581	1448000	1.58	1.58	1.58	1.58	1.58	1.3	1.3	1.125
582	1450500	1.585	1.58	1.58	1.58	1.58	1.3	1.3	1.125
583	1453000	1.585	1.585	1.58	1.58	1.58	1.3	1.3	1.125
584	1455500	1.585	1.585	1.585	1.58	1.58	1.3	1.3	1.125
585	1458000	1.585	1.585	1.585	1.585	1.58	1.3	1.3	1.125
586	1460500	1.585	1.585	1.585	1.585	1.585	1.3	1.3	1.125
587	1463000	1.59	1.585	1.585	1.585	1.585	1.3	1.3	1.125
588	1465500	1.59	1.59	1.585	1.585	1.585	1.3	1.3	1.125
589	1468000	1.59	1.59	1.59	1.585	1.585	1.3	1.3	1.125
590	1470500	1.59	1.59	1.59	1.59	1.585	1.3	1.3	1.125
591	1473000	1.59	1.59	1.59	1.59	1.59	1.3	1.3	1.125
592	1475500	1.595	1.59	1.59	1.59	1.59	1.3	1.3	1.125
593	1478000	1.595	1.595	1.59	1.59	1.59	1.3	1.3	1.125
594	1480500	1.595	1.595	1.595	1.59	1.59	1.3	1.3	1.125
595	1483000	1.595	1.595	1.595	1.595	1.59	1.3	1.3	1.125
596	1485500	1.595	1.595	1.595	1.595	1.595	1.3	1.3	1.125
597	1488000	1.6	1.595	1.595	1.595	1.595	1.3	1.3	1.125
598	1490500	1.6	1.6	1.595	1.595	1.595	1.3	1.3	1.125
599	1493000	1.6	1.6	1.6	1.595	1.595	1.3	1.3	1.125
600	1495500	1.6	1.6	1.6	1.6	1.595	1.3	1.3	1.15
601	1498000	1.6	1.6	1.6	1.6	1.6	1.3	1.3	1.15
602	1500500	1.605	1.6	1.6	1.6	1.6	1.3	1.3	1.15
603	1503000	1.605	1.605	1.6	1.6	1.6	1.3	1.3	1.15
604	1505500	1.605	1.605	1.605	1.6	1.6	1.3	1.3	1.15
605	1508000	1.605	1.605	1.605	1.605	1.6	1.3	1.3	1.15
606	1510500	1.605	1.605	1.605	1.605	1.605	1.3	1.3	1.15
607	1513000	1.61	1.605	1.605	1.605	1.605	1.3	1.3	1.15
608	1515500	1.61	1.61	1.605	1.605	1.605	1.3	1.3	1.15
609	1518000	1.61	1.61	1.61	1.605	1.605	1.3	1.3	1.15
610	1520500	1.61	1.61	1.61	1.61	1.605	1.3	1.3	1.15
611	1523000	1.61	1.61	1.61	1.61	1.61	1.3	1.3	1.15
612	1525500	1.615	1.61	1.61	1.61	1.61	1.3	1.3	1.15
613	1528000	1.615	1.615	1.61	1.61	1.61	1.3	1.3	1.15
614	1530500	1.615	1.615	1.615	1.61	1.61	1.3	1.3	1.15
615	1533000	1.615	1.615	1.615	1.615	1.61	1.3	1.3	1.15
616	1535500	1.615	1.615	1.615	1.615	1.615	1.3	1.3	1.15
617	1538000	1.62	1.615	1.615	1.615	1.615	1.3	1.3	1.15
618	1540500	1.62	1.62	1.615	1.615	1.615	1.3	1.3	1.15
619	1543000	1.62	1.62	1.62	1.615	1.615	1.3	1.3	1.15
620	1545500	1.62	1.62	1.62	1.62	1.615	1.3	1.3	1.15
621	1548000	1.62	1.62	1.62	1.62	1.62	1.3	1.3	1.15
622	1550500	1.625	1.62	1.62	1.62	1.62	1.3	1.3	1.15
623	1553000	1.625	1.625	1.62	1.62	1.62	1.3	1.3	1.15
624	1555500	1.625	1.625	1.625	1.62	1.62	1.3	1.3	1.15
625	1558000	1.625	1.625	1.625	1.625	1.62	1.3	1.3	1.15
626	1560500	1.625	1.625	1.625	1.625	1.625	1.3	1.3	1.15
627	1563000	1.63	1.625	1.625	1.625	1.625	1.3	1.3	1.15
628	1565500	1.63	1.63	1.625	1.625	1.625	1.3	1.3	1.15
629	1568000	1.63	1.63	1.63	1.625	1.625	1.3	1.3	1.15
630	1570500	1.63	1.63	1.63	1.63	1.625	1.3	1.3	1.15
631	1573000	1.63	1.63	1.63	1.63	1.63	1.3	1.3	1.15
632	1575500	1.635	1.63	1.63	1.63	1.63	1.3	1.3	1.15
633	1578000	1.635	1.635	1.63	1.63	1.63	1.3	1.3	1.15
634	1580500	1.635	1.635	1.635	1.63	1.63	1.3	1.3	1.15
635	1583000	1.635	1.635	1.635	1.635	1.63	1.3	1.3	1.15
636	1585500	1.635	1.635	1.635	1.635	1.635	1.3	1.3	1.15
637	1588000	1.64	1.635	1.635	1.635	1.635	1.3	1.3	1.15
638	1590500	1.64	1.64	1.635	1.635	1.635	1.3	1.3	1.15
639	1593000	1.64	1.64	1.64	1.635	1.635	1.3	1.3	1.15
640	1595500	1.64	1.64	1.64	1.64	1.635	1.3	1.3	1.15
641	1598000	1.64	1.64	1.64	1.64	1.64	1.3	1.3	1.15
642	1600500	1.645	1.64	1.64	1.64	1.64	1.3	1.3	1.15
643	1603000	1.645	1.645	1.64	1.64	1.64	1.3	1.3	1.15
644	1605500	1.645	1.645	1.645	1.64	1.64	1.3	1.3	1.15
645	1608000	1.645	1.645	1.645	1.645	1.64	1.3	1.3	1.15
646	1610500	1.645	1.645	1.645	1.645	1.645	1.3	1.3	1.15
647	1613000	1.65	1.645	1.645	1.645	1.645	1.3	1.3	1.15
648	1615500	1.65	1.65	1.645	1.645	1.645	1.3	1.3	1.15
649	1618000	1.65	1.65	1.65	1.645	1.645	1.3	1.3	1.15
650	1620500	1.65	1.65	1.65	1.65	1.645	1.3	1.3	1.15
651	1623000	1.65	1.65	1.65	1.65	1.65	1.3	1.3	1.15
652	1625500	1.655	1.65	1.65	1.65	1.65	1.3	1.3	1.15
653	1628000	1.655	1.655	1.65	1.65	1.65	1.3	1.3	1.15
654	1630500	1.655	1.655	1.655	1.65	1.65	1.3	1.3	1.15
655	1633000	1.655	1.655	1.655	1.655	1.65	1.3	1.3	1.15
656	1635500	1.655	1.655	1.655	1.655	1.655	1.3	1.3	1.15
657	1638000	1.66	1.655	1.655	1.655	1.655	1.3	1.3	1.15
658	1640500	1.66	1.66	1.655	1.655	1.655	1.3	1.3	1.15
659	1643000	1.66	1.66	1.66	1.655	1.655	1.3	1.3	1.15
660	1645500	1.66	1.66	1.66	1.66	1.655	1.3	1.3	1.15
661	1648000	1.66	1.66	1.66	1.66	1.66	1.3	1.3	1.15
662	1650500	1.665	1.66	1.66	1.66	1.66	1.3	1.3	1.15
663	1653000	1.665	1.665	1.66	1.66	1.66	1.3	1.3	1.15
664	1655500	1.665	1.665	1.665	1.66	1.66	1.3	1.3	1.15
665	1658000	1.665	1.665	1.665	1.665	1.66	1.3	1.3	1.15
666	1660500	1.665	1.665	1.665	1.665	1.665	1.3	1.3	1.15
667	1663000	1.67	1.665	1.665	1.665	1.665	1.3	1.3	1.15
668	1665500	1.67	1.67	1.665	1.665	1.665	1.3	1.3	1.15
669	1668000	1.67	1.67	1.67	1.665	1.665	1.3	1.3	1.15
670	1670500	1.67	1.67	1.67	1.67	1.665	1.3	1.3	1.15
671	1673000	1.67	1.67	1.67	1.67	1.67	1.3	1.3	1.15
672	1675500	1.675	1.67	1.67	1.67	1.67	1.3	1.3	1.15
673	1678000	1.675	1.675	1.67	1.67	1.67	1.3	1.3	1.15
674	1680500	1.675	1.675	1.675	1.67	1.67	1.3	1.3	1.15
675	1683000	1.675	1.675	1.675	1.675	1.67	1.3	1.3	1.15
676	1685500	1.675	1.675	1.675	1.675	1.675	1.3	1.3	1.15
677	1688000	1.68	1.675	1.675	1.675	1.675	1.3	1.3	1.15
678	1690500	1.68	1.68	1.675	1.675	1.675	1.3	1.3	1.15
679	1693000	1.68	1.68	1.68	1.675	1.675	1.3	1.3	1.15
680	1695500	1.68	1.68	1.68	1.68	1.675	1.3	1.3	1.15
681	1698000	1.68	1.68	1.68	1.68	1.68	1.3	1.3	1.15
682	1700500	1.685	1.68	1.68	1.68	1.68	1.3	1.3	1.15
683	1703000	1.685	1.685	1.68	1.68	1.68	1.3	1.3	1.15
684	1705500	1.685	1.685	1.685	1.68	1.68	1.3	1.3	1.15
685	1708000	1.685	1.685	1.685	1.685	1.68	1.3	1.3	1.15
686	1710500	1.685	1.685	1.685	1.685	1.685	1.3	1.3	1.15
687	1713000	1.69	1.685	1.685	1.685	1.685	1.3	1.3	1.15
688	1715500	1.69	1.69	1.685	1.685	1.685	1.3	1.3	1.15
689	1718000	1.69	1.69	1.69	1.685	1.685	1.3	1.3	1.15
690	1720500	1.69	1.69	1.69	1.69	1.685	1.3	1.3	1.15
691	1723000	1.69	1.69	1.69	1.69	1.69	1.3	1.3	1.15
692	1725500	1.695	1.69	1.69	1.69	1.69	1.3	1.3	1.15
693	1728000	1.695	1.695	1.69	1.69	1.69	1.3	1.3	1.15
694	1730500	1.695	1.695	1.695	1.69	1.69	1.3	1.3	1.15
695	1733000	1.695	1.695	1.695	1.695	1.69	1.3	1.3	1.15
696	1735500	1.695	1.695	1.695	1.695	1.695	1.3	1.3	1.15
697	1738000	1.7	1.695	1.695	1.695	1.695	1.3	1.3	1.15
698	1740500	1.7	1.7	1.695	1.695	1.695	1.3	1.3	1.15
699	1743000	1.7	1.7	1.7	1.695	1.695	1.3	1.3	1.15
700	1745500	1.7	1.7	1.7	1.7	1.695	1.3	1.3	1.15
701	1748000	1.7	1.7	1.7	1.7	1.7	1.3	1.3	1.15
702	1750500	1.705	1.7	1.7	1.7	1.7	1.3	1.3	1.15
703	1753000	1.705	1.705	1.7	1.7	1.7	1.3	1.3	1.15
704	1755500	1.705	1.705	1.705	1.7	1.7	1.3	1.3	1.15
705	1758000	1.705	1.705	1.705	1.705	1.7	1.3	1.3	1.15
706	1760500	1.705	1.705	1.705	1.705	1.705	1.3	1.3	1.15
707	1763000	1.71	1.705	1.705	1.705	1.705	1.3	1.3	1.15
708	1765500	1.71	1.71	1.705	1.705	1.705	1.3	1.3	1.15
709	1768000	1.71	1.71	1.71	1.705	1.705	1.3	1.3	1.15
710	1770500	1.71	1.71	1.71	1.71	1.705	1.3	1.3	1.15
711	1773000	1.71	1.71	1.71	1.71	1.71	1.3	1.3	1.15
712	1775500	1.715	1.71	1.71	1.71	1.71	1.3	1.3	1.15
713	1778000	1.715	1.715	1.71	1.71	1.71	1.3	1.3	1.15
714	1780500	1.715	1.715	1.715	1.71	1.71	1.3	1.3	1.15
715	1783000	1.715	1.715	1.715	1.715	1.71	1.3	1.3	1.15
716	1785500	1.715	1.715	1.715	1.715	1.715	1.3	1.3	1.15
717	1788000	1.72	1.715	1.715	1.715	1.715	1.3	1.3	1.15
718	1790500	1.72	1.72	1.715	1.715	1.715	1.3	1.3	1.15
719	1793000	1.72	1.72	1.72	1.715	1.715	1.3	1.3	1.15
720	1795500	1.72	1.72	1.72	1.72	1.715	1.3	1.3	1.15
721	1798000	1.72	1.72	1.72	1.72	1.72	1.3	1.3	1.15
722	1800500	1.725	1.72	1.72	1.72	1.72	1.3	1.3	1.15
723	1803000	1.725	1.725	1.72	1.72	1.72	1.3	1.3	1.15
724	1805500	1.725	1.725	1.725	1.72	1.72	1.3	1.3	1.15
725	1808000	1.725	1.725	1.725	1.725	1.72	1.3	1.3	1.15
726	1810500	1.725	1.725	1.725	1.725	1.725	1.3	1.3	1.15
727	1813000	1.73	1.725	1.725	1.725	1.725	1.3	1.3	1.15
728	1815500	1.73	1.73	1.725	1.725	1.725	1.3	1.3	1.15
729	1818000	1.73	1.73	1.73	1.725	1.725	1.3	1.3	1.15
730	1820500	1.73	1.73	1.73	1.73	1.725	1.3	1.3	1.15
731	1823000	1.73	1.73	1.73	1.73	1.73	1.3	1.3	1.15
732	1825500	1.735	1.73	1.73	1.73	1.73	1.3	1.3	1.15
733	1828000	1.735	1.735	1.73	1.73	1.73	1.3	1.3	1.15
734	1830500	1.735	1.735	1.735	1.73	1.73	1.3	1.3	1.15
735	1833000	1.735	1.735	1.735	1.735	1.73	1.3	1.3	1.15
736	1835500	1.735	1.735	1.735	1.735	1.735	1.3	1.3	1.15
737	1838000	1.74	1.735	1.735	1.735	1.735	1.3	1.3	1.15
738	1840500	1.74	1.74	1.735	1.735	1.735	1.3	1.3	1.15
739	1843000	1.74	1.74	1.74	1.735	1.735	1.3	1.3	1.15
740	1845500	1.74	1.74	1.74	1.74	1.735	1.3	1.3	1.15
741	1848000	1.74	1.74	1.74	1.74	1.74	1.3	1.3	1.15
742	1850500	1.745	1.74	1.74	1.74	1.74	1.3	1.3	1.15
743	1853000	1.745	1.745	1.74	1.74	1.74	1.3	1.3	1.15
744	1855500	1.745	1.745	1.745	1.74	1.74	1.3	1.3	1.15
745	1858000	1.745	1.745	1.745	1.745	1.74	1.3	1.3	1.15
746	1860500	1.745	1.745	1.745	1.745	1.745	1.3	1.3	1.15
747	1863000	1.75	1.745	1.745	1.745	1.745	1.3	1.3	1.15
748	1865500	1.75	1.75	1.745	1.745	1.745	1.3	1.3	1.15
749	1868000	1.75	1.75	1.75	1.745	1.745	1.3	1.3	1.15
750	1870500	1.75	1.75	1.75	1.75	1.745	1.3	1.3	1.15
751	1873000	1.75	1.75	1.75	1.75	1.75	1.3	1.3	1.15
752	1875500	1.755	1.75	1.75	1.75	1.75	1.3	1.3	1.15
753	1878000	1.755	1.755	1.75	1.75	1.75	1.3	1.3	1.15
754	1880500	1.755	1.755	1.755	1.75	1.75	1.3	1.3	1.15
755	1883000	1.755	1.755	1.755	1.755	1.75	1.3	1.3	1.15
756	1885500	1.755	1.755	1.755	1.755	1.755	1.3	1.3	1.15
757	1888000	1.76	1.755	1.755	1.755	1.755	1.3	1.3	1.15
758	1890500	1.76	1.76	1.755	1.755	1.755	1.3	1.3	1.15
759	1893000	1.76	1.76	1.76	1.755	1.755	1.3	1.3	1.15
760	1895500	1.76	1.76	1.76	1.76	1.755	1.3	1.3	1.15
761	1898000	1.76	1.76	1.76	1.76	1.76	1.3	1.3	1.15
762	1900500	1.765	1.76	1.76	1.76	1.76	1.3	1.3	1.15
763	1903000	1.765	1.765	1.76	1.76	1.76	1.3	1.3	1.15
764	1905500	1.765	1.765	1.765	1.76	1.76	1.3	1.3	1.15
765	1908000	1.765	1.765	1.765	1.765	1.76	1.3	1.3	1.15
766	1910500	1.765	1.765	1.765	1.765	1.765	1.3	1.3	1.15
767	1913000	1.77	1.765	1.765	1.765	1.765	1.3	1.3	1.15
768	1915500	1.77	1.77	1.765	1.765	1.765	1.3	1.3	1.15
769	1918000	1.77	1.77	1.77	1.765	1.765	1.3	1.3	1.15
770	1920500	1.77	1.77	1.77	1.77	1.765	1.3	1.3	1.15
771	1923000	1.77	1.77	1.77	1.77	1.77	1.3	1.3	1.15
772	1925500	1.775	1.77	1.77	1.77	1.77	1.3	1.3	1.15
773	1928000	1.775	1.775	1.77	1.77	1.77	1.3	1.3	1.15
774	1930500	1.775	1.775	1.775	1.77	1.77	1.3	1.3	1.15
775	1933000	1.775	1.775	1.775	1.775	1.77	1.3	1.3	1.15
776	1935500	1.775	1.775	1.775	1.775	1.775	1.3	1.3	1.15
777	1938000	1.78	1.775	1.775	1.775	1.775	1.3	1.3	1.15
778	1940500	1.78	1.78	1.775	1.775	1.775	1.3	1.3	1.15
779	1943000	1.78	1.78	1.78	1.775	1.775	1.3	1.3	1.15
780	1945500	1.78	1.78	1.78	1.78	1.775	1.3	1.3	1.15
781	1948000	1.78	1.78	1.78	1.78	1.78	1.3	1.3	1.15
782	1950500	1.785	1.78	1.78	1.78	1.78	1.3	1.3	1.15
783	1953000	1.785	1.785	1.78	1.78	1.78	1.3	1.3	1.15
784	1955500	1.785	1.785	1.785	1.78	1.78	1.3	1.3	1.15
785	1958000	1.785	1.785	1.785	1.785	1.78	1.3	1.3	1.15
786	1960500	1.785	1.785	1.785	1.785	1.785	1.3	1.3	1.15
787	1963000	1.79	1.785	1.785	1.785	1.785	1.3	1.3	1.15
788	1965500	1.79	1.79	1.785	1.785	1.785	1.3	1.3	1.15
789	1968000	1.79	1.79	1.79	1.785	1.785	1.3	1.3	1.15
790	1970500	1.79	1.79	1.79	1.79	1.785	1.3	1.3	1.15
791	1973000	1.79	1.79	1.79	1.79	1.79	1.3	1.3	1.15
792	1975500	1.795	1.79	1.79	1.79	1.79	1.3	1.3	1.15
793	1978000	1.795	1.795	1.79	1.79	1.79	1.3	1.3	1.15
794	1980500	1.795	1.795	1.795	1.79	1.79	1.3	1.3	1.15
795	1983000	1.795	1.795	1.795	1.795	1.79	1.3	1.3	1.15
796	1985500	1.795	1.795	1.795	1.795	1.795	1.3	1.3	1.15
797	1988000	1.8	1.795	1.795	1.795	1.795	1.3	1.3	1.15
798	1990500	1.8	1.8	1.795	1.795	1.795	1.3	1.3	1.15
799	1993000	1.8	1.8	1.8	1.795	1.795	1.3	1.3	1.15
800	1995500	1.8	1.8	1.8	1.8	1.795	1.3	1.3	1.15
801	1998000	1.8	1.8	1.8	1.8	1.8	1.3	1.3	1.15
802	2000500	1.805	1.8	1.8	1.8	1.8	1.3	1.3	1.15
803	2003000	1.805	1.805	1.8	1.8	1.8	1.3	1.3	1.15
804	2005500	1.805	1.805	1.805	1.8	1.8	1.3	1.3	1.15
805	2008000	1.805	1.805	1.805	1.805	1.8	1.3	1.3	1.15
806	2010500	1.805	1.805	1.805	1.805	1.805	1.3	1.3	1.15
807	2013000	1.81	1.805	1.805	1.805	1.805	1.3	1.3	1.15
808	2015500	1.81	1.81	1.805	1.805	1.805	1.3	1.3	1.15
809	2018000	1.81	1.81	1.81	1.805	1.805	1.3	1.3	1.15
810	2020500	1.81	1.81	1.81	1.81	1.805	1.3	1.3	1.15
811	2023000	1.81	1.81	1.81	1.81	1.81	1.3	1.3	1.15
812	2025500	1.815	1.81	1.81	1.81	1.81	1.3	1.3	1.15
813	2028000	1.815	1.815	1.81	1.81	1.81	1.3	1.3	1.15
814	2030500	1.815	1.815	1.815	1.81	1.81	1.3	1.3	1.15
815	2033000	1.815	1.815	1.815	1.815	1.81	1.3	1.3	1.15
816	2035500	1.815	1.815	1.815	1.815	1.815	1.3	1.3	1.15
817	2038000	1.82	1.815	1.815	1.815	1.815	1.3	1.3	1.15
818	2040500	1.82	1.82	1.815	1.815	1.815	1.3	1.3	1.15
819	2043000	1.82	1.82	1.82	1.815	1.815	1.3	1.3	1.15
820	2045500	1.82	1.82	1.82	1.82	1.815	1.3	1.3	1.15
821	2048000	1.82	1.82	1.82	1.82	1.82	1.3	1.3	1.15
822	2050500	1.825	1.82	1.82	1.82	1.82	1.3	1.3	1.15
823	2053000	1.825	1.825	1.82	1.82	1.82	1.3	1.3	1.15
824	2055500	1.825	1.825	1.825	1.82	1.82	1.3	1.3	1.15
825	2058000	1.825	1.825	1.825	1.825	1.82	1.3	1.3	1.15
826	2060500	1.825	1.825	1.825	1.825	1.825	1.3	1.3	1.15
827	2063000	1.83	1.825	1.825	1.825	1.825	1.3	1.3	1.15
828	2065500	1.83	1.83	1.825	1.825	1.825	1.3	1.3	1.15
829	2068000	1.83	1.83	1.83	1.825	1.825	1.3	1.3	1.15
830	2070500	1.83	1.83	1.83	1.83	1.825	1.3	1.3	1.15
831	2073000	1.83	1.83	1.83	1.83	1.83	1.3	1.3	1.15
832	2075500	1.835	1.83	1.83	1.83	1.83	1.3	1.3	1.15
833	2078000	1.835	1.835	1.83	1.83	1.83	1.3	1.3	1.15
834	2080500	1.835	1.835	1.835	1.83	1.83	1.3	1.3	1.15
835	2083000	1.835	1.835	1.835	1.835	1.83	1.3	1.3	1.15
836	2085500	1.835	1.835	1.835	1.835	1.835	1.3	1.3	1.15
837	2088000	1.84	1.835	1.835	1.835	1.835	1.3	1.3	1.15
838	2090500	1.84	1.84	1.835	1.835	1.835	1.3	1.3	1.15
839	2093000	1.84	1.84	1.84	1.835	1.835	1.3	1.3	1.15
840	2095500	1.84	1.84	1.84	1.84	1.835	1.3	1.3	1.15
841	2098000	1.84	1.84	1.84	1.84	1.84	1.3	1.3	1.15
842	2100500	1.845	1.84	1.84	1.84	1.84	1.3	1.3	1.15
843	2103000	1.845	1.845	1.84	1.84	1.84	1.3	1.3	1.15
844	2105500	1.845	1.845	1.845	1.84	1.84	1.3	1.3	1.15
845	2108000	1.845	1.845	1.845	1.845	1.84	1.3	1.3	1.15
846	2110500	1.845	1.845	1.845	1.845	1.845	1.3	1.3	1.15
847	2113000	1.85	1.845	1.845	1.845	1.845	1.3	1.3	1.15
848	2115500	1.85	1.85	1.845	1.845	1.845	1.3	1.3	1.15
849	2118000	1.85	1.85	1.85	1.845	1.845	1.3	1.3	1.15
850	2120500	1.85	1.85	1.85	1.85	1.845	1.3	1.3	1.15
851	2123000	1.85	1.85	1.85	1.85	1.85	1.3	1.3	1.15
852	2125500	1.855	1.85	1.85	1.85	1.85	1.3	1.3	1.15
853	2128000	1.855	1.855	1.85	1.85	1.85	1.3	1.3	1.15
854	2130500	1.855	1.855	1.855	1.85	1.85	1.3	1.3	1.15
855	2133000	1.855	1.855	1.855	1.855	1.85	1.3	1.3	1.15
856	2135500	1.855	1.855	1.855	1.855	1.855	1.3	1.3	1.15
857	2138000	1.86	1.855	1.855	1.855	1.855	1.3	1.3	1.15
858	2140500	1.86	1.86	1.855	1.855	1.855	1.3	1.3	1.15
859	2143000	1.86	1.86	1.86	1.855	1.855	1.3	1.3	1.15
860	2145500	1.86	1.86	1.86	1.86	1.855	1.3	1.3	1.15
861	2148000	1.86	1.86	1.86	1.86	1.86	1.3	1.3	1.15
862	2150500	1.865	1.86	1.86	1.86	1.86	1.3	1.3	1.15
863	2153000	1.865	1.865	1.86	1.86	1.86	1.3	1.3	1.15
864	2155500	1.865	1.865	1.865	1.86	1.86	1.3	1.3	1.15
865	2158000	1.865	1.865	1.865	1.865	1.86	1.3	1.3	1.15
866	2160500	1.865	1.865	1.865	1.865	1.865	1.3	1.3	1.15
867	2163000	1.87	1.865	1.865	1.865	1.865	1.3	1.3	1.15
868	2165500	1.87	1.87	1.865	1.865	1.865	1.3	1.3	1.15
869	2168000	1.87	1.87	1.87	1.865	1.865	1.3	1.3	1.15
870	2170500	1.87	1.87	1.87	1.87	1.865	1.3	1.3	1.15
871	2173000	1.87	1.87	1.87	1.87	1.87	1.3	1.3	1.15
872	2175500	1.875	1.87	1.87	1.87	1.87	1.3	1.3	1.15
873	2178000	1.875	1.875	1.87	1.87	1.87	1.3	1.3	1.15
874	2180500	1.875	1.875	1.875	1.87	1.87	1.3	1.3	1.15
875	2183000	1.875	1.875	1.875	1.875	1.87	1.3	1.3	1.15
876	2185500	1.875	1.875	1.875	1.875	1.875	1.3	1.3	1.15
877	2188000	1.88	1.875	1.875	1.875	1.875	1.3	1.3	1.15
878	2190500	1.88	1.88	1.875	1.875	1.875	1.3	1.3	1.15
879	2193000	1.88	1.88	1.88	1.875	1.875	1.3	1.3	1.15
880	2195500	1.88	1.88	1.88	1.88	1.875	1.3	1.3	1.15
881	2198000	1.88	1.88	1.88	1.88	1.88	1.3	1.3	1.15
882	2200500	1.885	1.88	1.88	1.88	1.88	1.3	1.3	1.15
883	2203000	1.885	1.885	1.88	1.88	1.88	1.3	1.3	1.15
884	2205500	1.885	1.885	1.885	1.88	1.88	1.3	1.3	1.15
885	2208000	1.885	1.885	1.885	1.885	1.88	1.3	1.3	1.15
886	2210500	1.885	1.885	1.885	1.885	1.885	1.3	1.3	1.15
887	2213000	1.89	1.885	1.885	1.885	1.885	1.3	1.3	1.15
888	2215500	1.89	1.89	1.885	1.885	1.885	1.3	1.3	1.15
889	2218000	1.89	1.89	1.89	1.885	1.885	1.3	1.3	1.15
890	2220500	1.89	1.89	1.89	1.89	1.885	1.3	1.3	1.15
891	2223000	1.89	1.89	1.89	1.89	1.89	1.3	1.3	1.15
892	2225500	1.895	1.89	1.89	1.89	1.89	1.3	1.3	1.15
893	2228000	1.895	1.895	1.89	1.89	1.89	1.3	1.3	1.15
894	2230500	1.895	1.895	1.895	1.89	1.89	1.3	1.3	1.15
895	2233000	1.895	1.895	1.895	1.895	1.89	1.3	1.3	1.15
896	2235500	1.895	1.895	1.895	1.895	1.895	1.3	1.3	1.15
897	2238000	1.9	1.895	1.895	1.895	1.895	1.3	1.3	1.15
898	2240500	1.9	1.9	1.895	1.895	1.895	1.3	1.3	1.15
899	2243000	1.9	1.9	1.9	1.895	1.895	1.3	1.3	1.15
900	2245500	1.9	1.9	1.9	1.9	1.895	1.3	1.3	1.15
901	2248000	1.9	1.9	1.9	1.9	1.9	1.3	1.3	1.15
902	2250500	1.905	1.9	1.9	1.9	1.9	1.3	1.3	1.15
903	2253000	1.905	1.905	1.9	1.9	1.9	1.3	1.3	1.15
904	2255500	1.905	1.905	1.905	1.9	1.9	1.3	1.3	1.15
905	2258000	1.905	1.905	1.905	1.905	1.9	1.3	1.3	1.15
906	2260500	1.905	1.905	1.905	1.905	1.905	1.3	1.3	1.15
907	2263000	1.91	1.905	1.905	1.905	1.905	1.3	1.3	1.15
908	2265500	1.91	1.91	1.905	1.905	1.905	1.3	1.3	1.15
909	2268000	1.91	1.91	1.91	1.905	1.905	1.3	1.3	1.15
910	2270500	1.91	1.91	1.91	1.91	1.905	1.3	1.3	1.15
911	2273000	1.91	1.91	1.91	1.91	1.91	1.3	1.3	1.15
912	2275500	1.915	1.91	1.91	1.91	1.91	1.3	1.3	1.15
913	2278000	1.915	1.915	1.91	1.91	1.91	1.3	1.3	1.15
914	2280500	1.915	1.915	1.915	1.91	1.91	1.3	1.3	1.15
915	2283000	1.915	1.915	1.915	1.915	1.91	1.3	1.3	1.15
916	2285500	1.915	1.915	1.915	1.915	1.915	1.3	1.3	1.15
917	2288000	1.92	1.915	1.915	1.915	1.915	1.3	1.3	1.15
918	2290500	1.92	1.92	1.915	1.915	1.915	1.3	1.3	1.15
919	2293000	1.92	1.92	1.92	1.915	1.915	1.3	1.3	1.15
920	2295500	1.92	1.92	1.92	1.92	1.915	1.3	1.3	1.15
921	2298000	1.92	1.92	1.92	1.92	1.92	1.3	1.3	1.15
922	2300500	1.925	1.92	1.92	1.92	1.92	1.3	1.3	1.15
923	2303000	1.925	1.925	1.92	1.92	1.92	1.3	1.3	1.15
924	2305500	1.925	1.925	1.925	1.92	1.92	1.3	1.3	1.15
925	2308000	1.925	1.925	1.925	1.925	1.92	1.3	1.3	1.15
926	2310500	1.925	1.925	1.925	1.925	1.925	1.3	1.3	1.15
927	2313000	1.93	1.925	1.925	1.925	1.925	1.3	1.3	1.15
928	2315500	1.93	1.93	1.925	1.925	1.925	1.3	1.3	1.15
929	2318000	1.93	1.93	1.93	1.925	1.925	1.3	1.3	1.15
930	2320500	1.93	1.93	1.93	1.93	1.925	1.3	1.3	1.15
931	2323000	1.93	1.93	1.93	1.93	1.93	1.3	1.3	1.15
932	2325500	1.935	1.93	1.93	1.93	1.93	1.3	1.3	1.15
933	2328000	1.935	1.935	1.93	1.93	1.93	1.3	1.3	1.15
934	2330500	1.935	1.935	1.935	1.93	1.93	1.3	1.3	1.15
935	2333000	1.935	1.935	1.935	1.935	1.93	1.3	1.3	1.15
936	2335500	1.935	1.935	1.935	1.935	1.935	1.3	1.3	1.15
937	2338000	1.94	1.935	1.935	1.935	1.935	1.3	1.3	1.15
938	2340500	1.94	1.94	1.935	1.935	1.935	1.3	1.3	1.15
939	2343000	1.94	1.94	1.94	1.935	1.935	1.3	1.3	1.15
940	2345500	1.94	1.94	1.94	1.94	1.935	1.3	1.3	1.15
941	2348000	1.94	1.94	1.94	1.94	1.94	1.3	1.3	1.15
942	2350500	1.945	1.94	1.94	1.94	1.94	1.3	1.3	1.15
943	2353000	1.945	1.945	1.94	1.94	1.94	1.3	1.3	1.15
944	2355500	1.945	1.945	1.945	1.94	1.94	1.3	1.3	1.15
945	2358000	1.945	1.945	1.945	1.945	1.94	1.3	1.3	1.15
946	2360500	1.945	1.945	1.945	1.945	1.945	1.3	1.3	1.15
947	2363000	1.95	1.945	1.945	1.945	1.945	1.3	1.3	1.15
948	2365500	1.95	1.95	1.945	1.945	1.945	1.3	1.3	1.15
949	2368000	1.95	1.95	1.95	1.945	1.945	1.3	1.3	1.15
950	2370500	1.95	1.95	1.95	1.95	1.945	1.3	1.3	1.15
951	2373000	1.95	1.95	1.95	1.95	1.95	1.3	1.3	1.15
952	2375500	1.955	1.95	1.95	1.95	1.95	1.3	1.3	1.15
953	2378000	1.955	1.955	1.95	1.95	1.95	1.3	1.3	1.15
954	2380500	1.955	1.955	1.955	1.95	1.95	1.3	1.3	1.15
955	2383000	1.955	1.955	1.955	1.955	1.95	1.3	1.3	1.15
956	2385500	1.955	1.955	1.955	1.955	1.955	1.3	1.3	1.15
957	2388000	1.96	1.955	1.955	1.955	1.955	1.3	1.3	1.15
958	2390500	1.96	1.96	1.955	1.955	1.955	1.3	1.3	1.15
959	2393000	1.96	1.96	1.96	1.955	1.955	1.3	1.3	1.15
960	2395500	1.96	1.96	1.96	1.96	1.955	1.3	1.3	1.15
961	2398000	1.96	1.96	1.96	1.96	1.96	1.3	1.3	1.15
962	2400500	1.965	1.96	1.96	1.96	1.96	1.3	1.3	1.15
963	2403000	1.965	1.965	1.96	1.96	1.96	1.3	1.3	1.15
964	2405500	1.965	1.965	1.965	1.96	1.96	1.3	1.3	1.15
965	2408000	1.965	1.965	1.965	1.965	1.96	1.3	1.3	1.15
966	2410500	1.965	1.965	1.965	1.965	1.965	1.3	1.3	1.15
967	2413000	1.97	1.965	1.965	1.965	1.965	1.3	1.3	1.15
968	2415500	1.97	1.97	1.965	1.965	1.965	1.3	1.3	1.15
969	2418000	1.97	1.97	1.97	1.965	1.965	1.3	1.3	1.15
970	2420500	1.97	1.97	1.97	1.97	1.965	1.3	1.3	1.15
971	2423000	1.97	1.97	1.97	1.97	1.97	1.3	1.3	1.15
972	2425500	1.975	1.97	1.97	1.97	1.97	1.3	1.3	1.15
973	2428000	1.975	1.975	1.97	1.97	1.97	1.3	1.3	1.15
974	2430500	1.975	1.975	1.975	1.97	1.97	1.3	1.3	1.15
975	2433000	1.975	1.975	1.975	1.975	1.97	1.3	1.3	1.15
976	2435500	1.975	1.975	1.975	1.975	1.975	1.3	1.3	1.15
977	2438000	1.98	1.975	1.975	1.975	1.975	1.3	1.3	1.15
978	2440500	1.98	1.98	1.975	1.975	1.975	1.3	1.3	1.15
979	2443000	1.98	1.98	1.98	1.975	1.975	1.3	1.3	1.15
980	2445500	1.98	1.98	1.98	1.98	1.975	1.3	1.3	1.15
981	2448000	1.98	1.98	1.98	1.98	1.98	1.3	1.3	1.15
982	2450500	1.985	1.98	1.98	1.98	1.98	1.3	1.3	1.15
983	2453000	1.985	1.985	1.98	1.98	1.98	1.3	1.3	1.15
984	2455500	1.985	1.985	1.985	1.98	1.98	1.3	1.3	1.15
985	2458000	1.985	1.985	1.985	1.985	1.98	1.3	1.3	1.15
986	2460500	1.985	1.985	1.985	1.985	1.985	1.3	1.3	1.15
987	2463000	1.99	1.985	1.985	1.985	1.985	1.3	1.3	1.15
988	2465500	1.99	1.99	1.985	1.985	1.985	1.3	1.3	1.15
989	2468000	1.99	1.99	1.99	1.985	1.985	1.3	1.3	1.15
990	2470500	1.99	1.99	1.99	1.99	1.985	1.3	1.3	1.15
991	2473000	1.99	1.99	1.99	1.99	1.99	1.3	1.3	1.15
992	2475500	1.995	1.99	1.99	1.99	1.99	1.3	1.3	1.15
993	2478000	1.995	1.995	1.99	1.99	1.99	1.3	1.3	1.15
994	2480500	1.995	1.995	1.995	1.99	1.99	1.3	1.3	1.15
995	2483000	1.995	1.995	1.995	1.995	1.99	1.3	1.3	1.15
996	2485500	1.995	1.995	1.995	1.995	1.995	1.3	1.3	1.15
997	2488000	2	1.995	1.995	1.995	1.995	1.3	1.3	1.15
998	2490500	2	2	1.995	1.995	1.995	1.3	1.3	1.15
999	2493000	2	2	2	1.995	1.995	1.3	1.3	1.15
1000	2495500	2	2	2	1.995	1.995	1.3	1.3	1.15
1001	2498000	2	2	2	1.995	1.995	1.3	1.3	1.15
