	EXP
1	25
2	30
3	40
4	60
5	80
6	100
7	130
8	150
9	180
10	180
11	210
12	220
13	220
14	230
15	240
16	270
17	280
18	290
19	290
20	300
21	380
22	410
23	450
24	500
25	550
26	600
27	650
28	700
29	750
30	800
31	850
32	900
33	1,000
34	1,200
35	1,400
36	1,600
37	1,800
38	2,000
39	2,400
40	2,800
41	3,200
42	3,600
43	4,000
44	4,400
45	4,800
46	5,200
47	5,600
48	6,000
49	6,600
50	7,200
51	7,800
52	8,400
53	9,000
54	9,700
55	10,500
56	11,500
57	12,500
58	13,500
59	14,500
60	15,500
61	16,500
62	17,500
63	18,500
64	19,500
65	20,500
66	21,500
67	22,500
68	23,500
69	24,500
70	25,500
71	27,000
72	28,000
73	30,000
74	32,000
75	34,000
76	36,000
77	38,000
78	40,000
79	42,000
80	44,000
81	46,000
82	48,000
83	50,000
84	52,000
85	54,000
86	57,000
87	60,000
88	63,000
89	66,000
90	69,000
91	74,000
92	79,000
93	84,000
94	89,000
95	94,000
96	101,000
97	108,000
98	115,000
99	122,000
100	129,000
101	138,000
102	147,000
103	156,000
104	165,000
105	174,000
106	185,000
107	196,000
108	207,000
109	218,000
110	229,000
111	242,000
112	255,000
113	268,000
114	281,000
115	294,000
116	307,000
117	320,000
118	333,000
119	346,000
120	359,000
121	372,000
122	385,000
123	398,000
124	411,000
125	424,000
126	437,000
127	450,000
128	463,000
129	476,000
130	489,000
131	510,000
132	531,000
133	552,000
134	573,000
135	594,000
136	615,000
137	636,000
138	657,000
139	678,000
140	699,000
141	720,000
142	741,000
143	762,000
144	783,000
145	804,000
146	825,000
147	846,000
148	867,000
149	888,000
150	909,000
151	930,000
152	951,000
153	972,000
154	993,000
155	1,014,000
156	1,035,000
157	1,056,000
158	1,077,000
159	1,098,000
160	1,119,000
161	1,140,000
162	1,161,000
163	1,182,000
164	1,203,000
165	1,224,000
166	1,245,000
167	1,266,000
168	1,287,000
169	1,308,000
170	1,329,000
171	1,350,000
172	1,371,000
173	1,392,000
174	1,413,000
175	1,434,000
176	1,455,000
177	1,476,000
178	1,497,000
179	1,518,000
180	1,539,000
181	1,560,000
182	1,581,000
183	1,602,000
184	1,623,000
185	1,644,000
186	1,665,000
187	1,686,000
188	1,707,000
189	1,728,000
190	1,749,000
191	1,770,000
192	1,791,000
193	1,812,000
194	1,833,000
195	1,854,000
196	1,875,000
197	1,896,000
198	1,917,000
199	1,938,000
200	1,959,000
201	1,980,000
202	2,001,000
203	2,022,000
204	2,043,000
205	2,064,000
206	2,085,000
207	2,106,000
208	2,127,000
209	2,148,000
210	2,169,000
211	2,190,000
212	2,211,000
213	2,232,000
214	2,253,000
215	2,274,000
216	2,295,000
217	2,316,000
218	2,337,000
219	2,358,000
220	2,379,000
221	2,400,000
222	2,421,000
223	2,442,000
224	2,463,000
225	2,484,000
226	2,505,000
227	2,526,000
228	2,547,000
229	2,568,000
230	2,589,000
231	2,610,000
232	2,631,000
233	2,652,000
234	2,673,000
235	2,694,000
236	2,715,000
237	2,736,000
238	2,757,000
239	2,778,000
240	2,799,000
241	2,820,000
242	2,841,000
243	2,862,000
244	2,883,000
245	2,904,000
246	2,925,000
247	2,946,000
248	2,967,000
249	2,988,000
250	3,009,000
251	3,030,000
252	3,051,000
253	3,072,000
254	3,093,000
255	3,114,000
256	3,135,000
257	3,156,000
258	3,177,000
259	3,198,000
260	3,219,000
261	3,240,000
262	3,261,000
263	3,282,000
264	3,303,000
265	3,324,000
266	3,345,000
267	3,366,000
268	3,387,000
269	3,408,000
270	3,429,000
271	3,450,000
272	3,471,000
273	3,492,000
274	3,513,000
275	3,534,000
276	3,555,000
277	3,576,000
278	3,597,000
279	3,618,000
280	3,639,000
281	3,660,000
282	3,681,000
283	3,702,000
284	3,723,000
285	3,744,000
286	3,765,000
287	3,786,000
288	3,807,000
289	3,828,000
290	3,849,000
291	3,870,000
292	3,891,000
293	3,912,000
294	3,933,000
295	3,954,000
296	3,975,000
297	3,996,000
298	4,017,000
299	4,038,000
300	4,059,000
301	4,080,000
302	4,101,000
303	4,122,000
304	4,143,000
305	4,164,000
306	4,185,000
307	4,206,000
308	4,227,000
309	4,248,000
310	4,269,000
311	4,290,000
312	4,311,000
313	4,332,000
314	4,353,000
315	4,374,000
316	4,395,000
317	4,416,000
318	4,437,000
319	4,458,000
320	4,479,000
321	4,500,000
322	4,521,000
323	4,542,000
324	4,563,000
325	4,584,000
326	4,605,000
327	4,626,000
328	4,647,000
329	4,668,000
330	4,689,000
331	4,710,000
332	4,731,000
333	4,752,000
334	4,773,000
335	4,794,000
336	4,815,000
337	4,836,000
338	4,857,000
339	4,878,000
340	4,899,000
341	4,920,000
342	4,941,000
343	4,962,000
344	4,983,000
345	5,004,000
346	5,025,000
347	5,046,000
348	5,067,000
349	5,088,000
350	5,109,000
351	5,130,000
352	5,151,000
353	5,172,000
354	5,193,000
355	5,214,000
356	5,235,000
357	5,256,000
358	5,277,000
359	5,298,000
360	5,319,000
361	5,340,000
362	5,361,000
363	5,382,000
364	5,403,000
365	5,424,000
366	5,445,000
367	5,466,000
368	5,487,000
369	5,508,000
370	5,529,000
371	5,550,000
372	5,571,000
373	5,592,000
374	5,613,000
375	5,634,000
376	5,655,000
377	5,676,000
378	5,697,000
379	5,718,000
380	5,739,000
381	5,760,000
382	5,781,000
383	5,802,000
384	5,823,000
385	6,172,000
386	6,542,000
387	6,935,000
388	7,351,000
389	7,792,000
390	8,260,000
391	8,756,000
392	9,281,000
393	9,838,000
394	10,428,000
395	11,054,000
396	11,717,000
397	12,420,000
398	13,165,000
399	13,955,000
400	14,792,000
401	15,680,000
402	16,621,000
403	17,618,000
404	18,675,000
405	19,796,000
406	20,984,000
407	22,243,000
408	23,578,000
409	24,993,000
410	26,493,000
411	28,083,000
412	29,768,000
413	31,554,000
414	33,447,000
415	35,454,000
416	37,581,000
417	39,836,000
418	42,226,000
419	44,760,000
420	47,446,000
421	50,293,000
422	53,311,000
423	56,510,000
424	59,901,000
425	63,495,000
426	67,305,000
427	71,343,000
428	75,624,000
429	80,161,000
430	84,971,000
431	90,069,000
432	95,473,000
433	101,201,000
434	107,273,000
435	113,709,000
436	120,532,000
437	127,764,000
438	135,430,000
439	143,556,000
440	152,169,000
441	161,299,000
442	170,977,000
443	181,236,000
444	192,110,000
445	203,637,000
446	215,855,000
447	228,806,000
448	242,534,000
449	257,086,000
450	272,511,000
451	288,862,000
452	306,194,000
453	324,566,000
454	344,040,000
455	346,104,000
456	348,181,000
457	350,270,000
458	352,372,000
459	354,486,000
460	356,613,000
461	358,753,000
462	360,906,000
463	363,071,000
464	365,249,000
465	367,440,000
466	369,645,000
467	371,863,000
468	374,094,000
469	376,339,000
470	378,597,000
471	380,869,000
472	383,154,000
473	385,453,000
474	387,766,000
475	390,093,000
476	392,434,000
477	394,789,000
478	397,158,000
479	399,541,000
480	401,938,000
481	404,350,000
482	406,776,000
483	409,217,000
484	411,672,000
485	414,142,000
486	416,627,000
487	419,127,000
488	421,642,000
489	424,172,000
490	426,717,000
491	429,277,000
492	431,853,000
493	434,444,000
494	437,051,000
495	439,673,000
496	442,311,000
497	444,965,000
498	447,635,000
499	450,321,000
500	453,023,000
501	455,741,000
502	458,475,000
503	461,226,000
504	463,993,000
505	466,777,000
506	469,578,000
507	472,395,000
508	475,229,000
509	478,080,000
510	480,948,000
511	483,834,000
512	486,737,000
513	489,657,000
514	492,595,000
515	495,551,000
516	498,524,000
517	501,515,000
518	504,524,000
519	507,551,000
520	510,596,000
521	513,660,000
522	516,742,000
523	519,842,000
524	522,961,000
525	526,099,000
526	529,256,000
527	532,432,000
528	535,627,000
529	538,841,000
530	542,074,000
531	545,326,000
532	548,598,000
533	551,890,000
534	555,201,000
535	558,532,000
536	561,883,000
537	565,254,000
538	568,646,000
539	572,058,000
540	575,490,000
541	578,943,000
542	582,417,000
543	585,912,000
544	589,427,000
545	592,964,000
546	596,522,000
547	600,101,000
548	603,702,000
549	607,324,000
550	610,968,000
551	614,634,000
552	618,322,000
553	622,032,000
554	625,764,000
555	629,519,000
556	633,296,000
557	637,096,000
558	640,919,000
559	644,765,000
560	648,634,000
561	652,526,000
562	656,441,000
563	660,380,000
564	664,342,000
565	668,328,000
566	672,338,000
567	676,372,000
568	680,430,000
569	684,513,000
570	688,620,000
571	692,752,000
572	696,909,000
573	701,090,000
574	705,297,000
575	709,529,000
576	713,786,000
577	718,069,000
578	722,377,000
579	726,711,000
580	731,071,000
581	735,457,000
582	739,870,000
583	744,309,000
584	748,775,000
585	753,268,000
586	757,788,000
587	762,335,000
588	766,909,000
589	771,510,000
590	776,139,000
591	780,796,000
592	785,481,000
593	790,194,000
594	794,935,000
595	799,705,000
596	804,503,000
597	809,330,000
598	814,186,000
599	819,071,000
600	823,985,000
601	828,929,000
602	833,903,000
603	838,906,000
604	843,939,000
605	849,003,000
606	854,097,000
607	859,222,000
608	864,377,000
609	869,563,000
610	874,780,000
611	880,029,000
612	885,309,000
613	890,621,000
614	895,965,000
615	901,341,000
616	906,749,000
617	912,189,000
618	917,662,000
619	923,168,000
620	928,707,000
621	934,279,000
622	939,885,000
623	945,524,000
624	951,197,000
625	956,904,000
626	962,645,000
627	968,421,000
628	974,232,000
629	980,077,000
630	985,957,000
631	991,873,000
632	997,824,000
633	1,003,811,000
634	1,009,834,000
635	1,015,893,000
636	1,021,988,000
637	1,028,120,000
638	1,034,289,000
639	1,040,495,000
640	1,046,738,000
641	1,053,018,000
642	1,059,336,000
643	1,065,692,000
644	1,072,086,000
645	1,078,519,000
646	1,084,990,000
647	1,091,500,000
648	1,098,049,000
649	1,104,637,000
650	1,111,265,000
651	1,117,933,000
652	1,124,641,000
653	1,131,389,000
654	1,138,177,000
655	1,145,006,000
656	1,151,876,000
657	1,158,787,000
658	1,165,740,000
659	1,172,734,000
660	1,179,770,000
661	1,186,849,000
662	1,193,970,000
663	1,201,134,000
664	1,208,341,000
665	1,215,591,000
666	1,222,885,000
667	1,230,222,000
668	1,237,603,000
669	1,245,029,000
670	1,252,499,000
671	1,260,014,000
672	1,267,574,000
673	1,275,179,000
674	1,282,830,000
675	1,290,527,000
676	1,298,270,000
677	1,306,060,000
678	1,313,896,000
679	1,321,779,000
680	1,329,710,000
681	1,337,688,000
682	1,345,714,000
683	1,353,788,000
684	1,361,911,000
685	1,370,082,000
686	1,378,302,000
687	1,386,572,000
688	1,394,891,000
689	1,403,260,000
690	1,411,680,000
691	1,420,150,000
692	1,428,671,000
693	1,437,243,000
694	1,445,866,000
695	1,454,541,000
696	1,463,268,000
697	1,472,048,000
698	1,480,880,000
699	1,489,765,000
700	1,498,704,000
